t	Ns	Ni	Dead_pi_0.0062	InterpolatingFunction[{{1, 2}}, {5, 3, 0, {2}, {2}, 0, 0, 0, 0, Automatic, {}, {}, False}, {{1, 2}}, {{Take[Table[], 231]}, {Transpose[Take[Table[], 231]][[5]]}}, {Automatic}]	LogRS	Rt	DiscHealthCost	DiscTotalCost
0.	0.999922	0.0000526735	510.905	0.997875	112.715	30.866	0.182333	0.182611
1.	0.999895	0.0000709423	689.142	0.997149	112.569	308.202	0.245088	0.245588
2.	0.999859	0.0000954763	929.126	0.996178	112.374	307.592	0.329197	0.330094
3.	0.99981	0.000128366	125.195	0.994886	112.115	306.779	0.441726	0.443331
4.	0.999745	0.000172355	168.569	0.993172	11.177	305.703	0.59193	0.594787
5.	0.999657	0.000231007	226.754	0.99091	111.314	304.285	0.791799	0.796862
6.	0.999541	0.0003089	304.648	0.987943	110.714	302.431	10.567	10.656
7.	0.999387	0.000411811	408.651	0.984085	109.932	300.027	140.596	142.149
8.	0.999184	0.000546869	547.031	0.979122	10.892	296.948	186.339	189.014
9.	0.998918	0.000722627	730.335	0.972822	107.629	293.061	245.741	250.285
10.	0.998573	0.000948966	971.794	0.964954	106.005	288.241	322.075	329.655
11.	0.99813	0.00123675	1287.66	0.955322	103.999	282.389	418.919	431.294
12.	0.997568	0.00159715	1697.42	0.943793	10.157	275.459	539.931	559.632
13.	0.996866	0.0020407	2223.72	0.930342	0.986995	267.475	688.518	718.996
14.	0.996002	0.00257607	2892.04	0.915075	0.953903	258.544	867.436	913.128
15.	0.994957	0.00320884	3729.94	0.898234	0.916753	248.854	107.838	114.463
16.	0.993716	0.00394052	4766.05	0.880178	0.87614	238.652	132.166	141.451
17.	0.992267	0.00476806	6028.78	0.861337	0.832862	228.211	159.607	172.185
18.	0.990606	0.00568392	7544.99	0.84216	0.787831	217.797	189.889	206.382
19.	0.988731	0.00667671	9338.75	0.823069	0.741972	207.641	222.617	24.359
20.	0.986647	0.00773222	11430.4	0.804424	0.696145	197.922	257.302	283.231
21.	0.984362	0.00883456	13835.9	0.786505	0.651088	188.764	293.405	324.654
22.	0.981886	0.0099673	16566.5	0.769507	0.607392	180.239	330.372	367.184
23.	0.979233	0.0111144	19628.6	0.753556	0.565498	172.377	367.668	410.167
24.	0.976417	0.0122609	23024.2	0.738713	0.525711	165.177	404.796	452.997
25.	0.973452	0.0133935	26751.2	0.724995	0.488222	158.616	441.315	495.141
26.	0.970352	0.0145004	30803.7	0.712384	0.453126	152.658	476.849	536.141
27.	0.967132	0.0155722	35172.9	0.700839	0.420449	14.726	511.083	575.623
28.	0.963805	0.0166008	39847.4	0.690306	0.39016	142.375	54.377	613.293
29.	0.960383	0.0175803	44813.7	0.68072	0.362195	137.957	574.718	648.927
30.	0.956879	0.0185061	50056.9	0.672018	0.336461	133.962	603.792	682.369
31.	0.953303	0.0193752	55560.8	0.664131	0.312852	130.347	630.901	713.515
32.	0.949667	0.0201856	61308.7	0.656997	0.291251	127.075	655.995	742.312
33.	0.945978	0.0209365	67283.5	0.650553	0.271538	12.411	679.058	768.747
34.	0.942245	0.0216279	73467.7	0.644742	0.253593	121.422	700.101	792.837
35.	0.938477	0.0222606	79844.2	0.639511	0.237298	118.982	71.916	814.628
36.	0.93468	0.0228357	86396.2	0.634809	0.22254	116.764	736.287	834.184
37.	0.930861	0.023355	93107.	0.630592	0.209209	114.747	751.546	851.585
38.	0.927025	0.0238205	99960.9	0.626818	0.197203	112.911	765.015	866.922
39.	0.923178	0.0242345	106942.	0.623449	0.186425	111.237	776.777	880.296
40.	0.919324	0.0245994	114037.	0.620451	0.176783	10.971	786.919	891.809
41.	0.915468	0.0249178	121231.	0.617792	0.168194	108.315	795.533	901.569
42.	0.911614	0.0251922	128511.	0.615443	0.160576	107.041	802.711	909.684
43.	0.907765	0.0254254	135864.	0.613379	0.153858	105.875	808.544	91.626
44.	0.903924	0.0256199	143280.	0.611576	0.147971	104.808	813.122	921.402
45.	0.900094	0.0257782	150747.	0.610013	0.142851	103.831	816.535	925.212
46.	0.896277	0.0259028	158255.	0.608669	0.13844	102.936	818.866	92.779
47.	0.892476	0.0259962	165794.	0.607526	0.134683	102.115	820.199	929.229
48.	0.888693	0.0260607	173356.	0.606569	0.13153	101.362	820.612	92.962
49.	0.88493	0.0260984	180933.	0.605783	0.128935	100.671	820.179	92.905
50.	0.881187	0.0261114	188518.	0.605153	0.126855	100.037	818.971	927.597
51.	0.877467	0.0261018	196103.	0.604667	0.125249	0.994548	817.056	925.341
52.	0.873771	0.0260713	203682.	0.604314	0.124081	0.989202	814.495	922.352
53.	0.870099	0.0260219	211249.	0.604084	0.123317	0.984293	811.349	918.698
54.	0.866453	0.0259551	218799.	0.603965	0.122926	0.979785	807.671	914.441
55.	0.862833	0.0258725	226328.	0.603951	0.122878	0.975645	803.514	909.641
56.	0.859241	0.0257755	233831.	0.604032	0.123146	0.971844	798.925	904.352
57.	0.855676	0.0256656	241303.	0.604201	0.123705	0.968354	793.949	898.624
58.	0.85214	0.0255439	248742.	0.604451	0.124533	0.965151	788.628	892.504
59.	0.848633	0.0254116	256144.	0.604776	0.125608	0.962212	782.998	886.037
60.	0.845154	0.0252699	263506.	0.60517	0.12691	0.959516	777.096	879.261
61.	0.841705	0.0251196	270826.	0.605627	0.128421	0.957045	770.954	872.215
62.	0.838285	0.0249619	278100.	0.606143	0.130124	0.954782	764.602	864.931
63.	0.834896	0.0247974	285328.	0.606713	0.132003	0.952709	758.068	857.441
64.	0.831535	0.0246271	292508.	0.607332	0.134044	0.950813	751.377	849.775
65.	0.828205	0.0244516	299637.	0.607997	0.136233	0.949081	744.552	841.958
66.	0.824905	0.0242716	306714.	0.608704	0.138557	0.947499	737.614	834.014
67.	0.821635	0.0240877	313739.	0.60945	0.141006	0.946056	730.584	825.966
68.	0.818394	0.0239005	320710.	0.610232	0.143569	0.944743	723.478	817.833
69.	0.815183	0.0237105	327626.	0.611046	0.146234	0.943548	716.313	809.634
70.	0.812002	0.0235182	334486.	0.611889	0.148995	0.942464	709.103	801.386
71.	0.80885	0.023324	341290.	0.612761	0.151841	0.941482	701.863	793.104
72.	0.805728	0.0231284	348038.	0.613657	0.154765	0.940594	694.603	784.802
73.	0.802635	0.0229316	354728.	0.614577	0.15776	0.939793	687.336	776.492
74.	0.79957	0.022734	361362.	0.615518	0.160819	0.939073	680.071	768.185
75.	0.796535	0.0225359	367937.	0.616477	0.163935	0.938428	672.818	759.892
76.	0.793528	0.0223377	374456.	0.617455	0.167103	0.937852	665.583	751.622
77.	0.790549	0.0221394	380916.	0.618448	0.170318	0.93734	658.376	743.383
78.	0.787599	0.0219414	387319.	0.619456	0.173575	0.936888	651.201	735.182
79.	0.784676	0.0217438	393665.	0.620477	0.176868	0.93649	644.066	727.027
80.	0.781781	0.0215469	399953.	0.621509	0.180194	0.936143	636.975	718.924
81.	0.778913	0.0213507	406184.	0.622553	0.183549	0.935843	629.933	710.876
82.	0.776072	0.0211555	412359.	0.623606	0.186928	0.935586	622.944	70.289
83.	0.773258	0.0209614	418476.	0.624667	0.19033	0.93537	616.012	694.969
84.	0.77047	0.0207685	424538.	0.625736	0.19375	0.93519	609.139	687.117
85.	0.767708	0.0205769	430543.	0.626812	0.197185	0.935045	60.233	679.337
86.	0.764972	0.0203867	436494.	0.627894	0.200634	0.934932	595.586	671.632
87.	0.762262	0.0201979	442389.	0.628981	0.204093	0.934848	588.908	664.004
88.	0.759577	0.0200107	448229.	0.630072	0.20756	0.934791	58.23	656.455
89.	0.756918	0.0198251	454016.	0.631167	0.211034	0.934759	575.763	648.987
90.	0.754283	0.0196412	459749.	0.632266	0.214511	0.934749	569.297	641.601
91.	0.751672	0.019459	465428.	0.633367	0.217992	0.934762	562.904	634.298
92.	0.749086	0.0192785	471055.	0.63447	0.221472	0.934793	556.584	62.708
93.	0.746523	0.0190998	476630.	0.635575	0.224952	0.934843	550.339	619.947
94.	0.743984	0.0189229	482153.	0.636681	0.22843	0.93491	544.168	612.899
95.	0.741468	0.0187479	487625.	0.637788	0.231905	0.934991	538.072	605.937
96.	0.738976	0.0185747	493046.	0.638896	0.235375	0.935087	532.051	599.061
97.	0.736506	0.0184034	498417.	0.640003	0.238839	0.935195	526.105	592.271
98.	0.734058	0.018234	503739.	0.641111	0.242296	0.935316	520.234	585.567
99.	0.731633	0.0180664	509012.	0.642218	0.245746	0.935447	514.438	578.949
100.	0.729229	0.0179008	514236.	0.643323	0.249187	0.935588	508.716	572.416
101.	0.726848	0.017737	519413.	0.644428	0.252619	0.935738	503.069	565.967
102.	0.724487	0.0175751	524542.	0.645532	0.25604	0.935896	497.495	559.604
103.	0.722148	0.0174151	529625.	0.646634	0.259452	0.936062	491.994	553.323
104.	0.71983	0.017257	534661.	0.647734	0.262852	0.936235	486.566	547.127
105.	0.717532	0.0171007	539652.	0.648832	0.26624	0.936413	48.121	541.012
106.	0.715254	0.0169463	544597.	0.649928	0.269616	0.936598	475.925	534.979
107.	0.712997	0.0167937	549498.	0.651022	0.272979	0.936787	470.711	529.027
108.	0.710759	0.016643	554355.	0.652114	0.27633	0.936981	465.566	523.156
109.	0.708541	0.016494	559168.	0.653203	0.279666	0.937179	460.491	517.363
110.	0.706343	0.0163469	563939.	0.654289	0.28299	0.937381	455.484	511.649
111.	0.704163	0.0162016	568666.	0.655372	0.286299	0.937586	450.544	506.012
112.	0.702002	0.016058	573352.	0.656453	0.289593	0.937794	445.672	500.451
113.	0.69986	0.0159162	577997.	0.65753	0.292873	0.938004	440.865	494.966
114.	0.697737	0.0157761	582600.	0.658605	0.296139	0.938217	436.123	489.556
115.	0.695631	0.0156377	587163.	0.659676	0.29939	0.938431	431.445	484.219
116.	0.693544	0.015501	591686.	0.660744	0.302625	0.938647	426.831	478.954
117.	0.691474	0.0153659	596170.	0.661809	0.305845	0.938864	422.279	473.761
118.	0.689422	0.0152326	600615.	0.66287	0.30905	0.939083	417.789	468.639
119.	0.687387	0.0151008	605021.	0.663928	0.31224	0.939302	413.359	463.586
120.	0.685369	0.0149707	609389.	0.664983	0.315414	0.939522	408.989	458.602
121.	0.683368	0.0148421	613719.	0.666034	0.318572	0.939743	404.678	453.686
122.	0.681384	0.0147151	618013.	0.667081	0.321715	0.939964	400.425	448.836
123.	0.679416	0.0145897	622269.	0.668125	0.324843	0.940185	39.623	444.051
124.	0.677465	0.0144658	626490.	0.669165	0.327954	0.940406	39.209	439.331
125.	0.67553	0.0143434	630674.	0.670202	0.33105	0.940627	388.006	434.675
126.	0.67361	0.0142225	634824.	0.671235	0.334131	0.940848	383.977	430.081
127.	0.671706	0.014103	638938.	0.672264	0.337195	0.941069	380.002	42.555
128.	0.669818	0.013985	643018.	0.67329	0.340244	0.941289	376.079	421.078
129.	0.667945	0.0138684	647064.	0.674312	0.343277	0.941508	372.209	416.667
130.	0.666087	0.0137532	651076.	0.67533	0.346295	0.941727	36.839	412.315
131.	0.664244	0.0136394	655055.	0.676345	0.349297	0.941946	364.622	408.021
132.	0.662416	0.013527	659001.	0.677355	0.352284	0.942163	360.904	403.784
133.	0.660603	0.0134159	662915.	0.678362	0.355255	0.94238	357.234	399.603
134.	0.658804	0.0133061	666796.	0.679366	0.358211	0.942595	353.613	395.477
135.	0.65702	0.0131976	670646.	0.680365	0.361151	0.94281	350.039	391.406
136.	0.655249	0.0130905	674465.	0.681361	0.364076	0.943024	346.512	387.388
137.	0.653492	0.0129845	678252.	0.682353	0.366986	0.943236	343.031	383.423
138.	0.65175	0.0128799	682009.	0.683341	0.369881	0.943448	339.595	37.951
139.	0.650021	0.0127764	685736.	0.684326	0.37276	0.943658	336.204	375.648
140.	0.648305	0.0126742	689433.	0.685307	0.375625	0.943867	332.856	371.836
141.	0.646603	0.0125732	693100.	0.686284	0.378474	0.944075	329.552	368.074
142.	0.644913	0.0124733	696738.	0.687257	0.381309	0.944282	32.629	364.361
143.	0.643237	0.0123746	700348.	0.688227	0.384129	0.944488	32.307	360.696
144.	0.641574	0.012277	703928.	0.689193	0.386934	0.944692	319.891	357.077
145.	0.639924	0.0121806	707481.	0.690155	0.389725	0.944895	316.753	353.506
146.	0.638286	0.0120852	711006.	0.691114	0.392501	0.945097	313.654	34.998
147.	0.63666	0.011991	714503.	0.692069	0.395263	0.945297	310.595	346.498
148.	0.635047	0.0118978	717973.	0.69302	0.398011	0.945496	307.574	343.062
149.	0.633446	0.0118057	721416.	0.693968	0.400744	0.945693	304.592	339.669
150.	0.631857	0.0117146	724833.	0.694912	0.403463	0.94589	301.646	336.319
151.	0.63028	0.0116246	728223.	0.695853	0.406168	0.946084	298.738	333.011
152.	0.628715	0.0115356	731587.	0.69679	0.408859	0.946278	295.866	329.744
153.	0.627161	0.0114475	734925.	0.697723	0.411536	0.94647	293.029	326.519
154.	0.625619	0.0113605	738238.	0.698653	0.414199	0.946661	290.228	323.334
155.	0.624088	0.0112744	741526.	0.699579	0.416849	0.94685	287.461	320.189
156.	0.622569	0.0111893	744789.	0.700502	0.419485	0.947038	284.728	317.082
157.	0.621061	0.0111051	748028.	0.701421	0.422108	0.947225	282.029	314.014
158.	0.619564	0.0110218	751242.	0.702337	0.424717	0.94741	279.363	310.984
159.	0.618077	0.0109394	754432.	0.703249	0.427313	0.947594	276.729	307.992
160.	0.616602	0.010858	757598.	0.704157	0.429896	0.947777	274.127	305.036
161.	0.615137	0.0107774	760741.	0.705063	0.432465	0.947958	271.557	302.116
162.	0.613683	0.0106977	763860.	0.705965	0.435022	0.948138	269.018	299.232
163.	0.612239	0.0106189	766956.	0.706863	0.437565	0.948316	26.651	296.383
164.	0.610805	0.0105409	770030.	0.707758	0.440096	0.948493	264.031	293.569
165.	0.609382	0.0104638	773081.	0.70865	0.442614	0.948669	261.582	290.788
166.	0.607969	0.0103875	776110.	0.709538	0.44512	0.948844	259.163	288.041
167.	0.606566	0.010312	779117.	0.710423	0.447613	0.949017	256.772	285.327
168.	0.605173	0.0102372	782101.	0.711305	0.450093	0.949189	254.409	282.645
169.	0.60379	0.0101633	785065.	0.712183	0.452561	0.949359	252.074	279.996
170.	0.602416	0.0100902	788007.	0.713058	0.455017	0.949529	249.767	277.378
171.	0.601052	0.0100178	790927.	0.71393	0.45746	0.949697	247.487	274.791
172.	0.599698	0.00994621	793827.	0.714798	0.459892	0.949863	245.234	272.235
173.	0.598353	0.00987535	796707.	0.715663	0.462311	0.950029	243.007	269.709
174.	0.597018	0.00980522	799565.	0.716525	0.464719	0.950193	240.805	267.212
175.	0.595691	0.00973581	802404.	0.717384	0.467114	0.950356	23.863	264.745
176.	0.594374	0.00966712	805222.	0.71824	0.469498	0.950518	236.479	262.307
177.	0.593066	0.00959913	808021.	0.719092	0.47187	0.950678	234.353	259.897
178.	0.591767	0.00953185	810800.	0.719941	0.474231	0.950837	232.252	257.515
179.	0.590476	0.00946524	813559.	0.720787	0.47658	0.950995	230.175	255.161
180.	0.589195	0.00939932	816299.	0.72163	0.478917	0.951152	228.121	252.834
181.	0.587922	0.00933406	819020.	0.72247	0.481244	0.951308	226.091	250.533
182.	0.586658	0.00926946	821723.	0.723307	0.483559	0.951462	224.084	24.826
183.	0.585402	0.00920551	824406.	0.724141	0.485863	0.951616	222.099	246.012
184.	0.584155	0.0091422	827071.	0.724971	0.488155	0.951768	220.137	24.379
185.	0.582916	0.00907952	829718.	0.725799	0.490437	0.951919	218.197	241.593
186.	0.581685	0.00901746	832347.	0.726623	0.492708	0.952069	216.278	239.421
187.	0.580463	0.00895603	834958.	0.727445	0.494968	0.952218	214.382	237.274
188.	0.579249	0.00889519	837551.	0.728263	0.497217	0.952365	212.506	23.515
189.	0.578042	0.00883496	840126.	0.729079	0.499455	0.952512	210.651	233.051
190.	0.576844	0.00877532	842684.	0.729891	0.501683	0.952657	208.817	230.976
191.	0.575654	0.00871626	845225.	0.730701	0.5039	0.952802	207.002	228.923
192.	0.574471	0.00865778	847749.	0.731508	0.506107	0.952945	205.208	226.894
193.	0.573297	0.00859986	850255.	0.732311	0.508303	0.953087	203.434	224.887
194.	0.57213	0.0085425	852745.	0.733112	0.510489	0.953229	201.679	222.902
195.	0.57097	0.0084857	855219.	0.73391	0.512665	0.953369	199.943	22.094
196.	0.569818	0.00842944	857676.	0.734705	0.514831	0.953508	198.226	218.998
197.	0.568674	0.00837373	860117.	0.735498	0.516986	0.953646	196.528	217.079
198.	0.567536	0.00831854	862541.	0.736287	0.519132	0.953783	194.848	21.518
199.	0.566407	0.00826388	864950.	0.737074	0.521267	0.95392	193.186	213.302
200.	0.565284	0.00820974	867343.	0.737857	0.523392	0.954055	191.542	211.445
201.	0.564169	0.00815611	869720.	0.738638	0.525508	0.954189	189.916	209.608
202.	0.563061	0.00810298	872082.	0.739416	0.527614	0.954322	188.307	207.791
203.	0.561959	0.00805035	874428.	0.740192	0.52971	0.954454	186.715	205.993
204.	0.560865	0.00799822	876759.	0.740964	0.531797	0.954586	185.141	204.215
205.	0.559778	0.00794657	879075.	0.741734	0.533874	0.954716	183.583	202.456
206.	0.558698	0.0078954	881377.	0.742501	0.535941	0.954845	182.041	200.716
207.	0.557624	0.00784471	883663.	0.743266	0.537999	0.954974	180.516	198.995
208.	0.556557	0.00779448	885935.	0.744028	0.540048	0.955101	179.007	197.292
209.	0.555497	0.00774472	888192.	0.744787	0.542087	0.955228	177.513	195.607
210.	0.554443	0.00769541	890435.	0.745543	0.544117	0.955354	176.035	19.394
211.	0.553396	0.00764655	892663.	0.746297	0.546138	0.955479	174.573	192.291
212.	0.552356	0.00759814	894877.	0.747048	0.54815	0.955603	173.126	190.659
213.	0.551322	0.00755017	897078.	0.747796	0.550152	0.955726	171.694	189.044
214.	0.550294	0.00750263	899264.	0.748542	0.552146	0.955848	170.277	187.447
215.	0.549273	0.00745552	901437.	0.749285	0.554131	0.95597	168.874	185.866
216.	0.548258	0.00740884	903596.	0.750026	0.556107	0.95609	167.486	184.301
217.	0.547249	0.00736257	905742.	0.750764	0.558074	0.95621	166.112	182.753
218.	0.546246	0.00731672	907874.	0.751499	0.560032	0.956329	164.752	181.221
219.	0.54525	0.00727128	909993.	0.752232	0.561981	0.956447	163.406	179.705
220.	0.544259	0.00722624	912099.	0.752962	0.563922	0.956564	162.074	178.205
221.	0.543275	0.00718159	914192.	0.75369	0.565854	0.956681	160.755	17.672
222.	0.542296	0.00713735	916272.	0.754415	0.567778	0.956796	15.945	175.251
223.	0.541324	0.00709349	918339.	0.755138	0.569693	0.956911	158.158	173.796
224.	0.540357	0.00705002	920393.	0.755859	0.5716	0.957025	156.879	172.357
225.	0.539396	0.00700692	922435.	0.756576	0.573498	0.957139	155.613	170.932
226.	0.538441	0.00696421	924465.	0.757292	0.575388	0.957251	154.359	169.522
227.	0.537491	0.00692186	926482.	0.758005	0.57727	0.957363	153.118	168.126
228.	0.536547	0.00687988	928486.	0.758715	0.579144	0.957474	15.189	166.744
229.	0.535609	0.00683827	930479.	0.759423	0.581009	0.957584	150.674	165.376
230.	0.534676	0.00679701	932460.	0.760129	0.582867	0.957694	149.469	164.023
231.	0.533749	0.00675611	934428.	0.760832	0.584716	0.957803	148.277	162.682
232.	0.532827	0.00671556	936385.	0.761532	0.586557	0.957911	147.097	161.356
233.	0.531911	0.00667535	938330.	0.762231	0.58839	0.958018	145.928	160.042
234.	0.531	0.00663549	940264.	0.762927	0.590216	0.958125	144.771	158.742
235.	0.530095	0.00659596	942186.	0.76362	0.592033	0.958231	143.625	157.454
236.	0.529194	0.00655677	944096.	0.764312	0.593843	0.958336	14.249	15.618
237.	0.528299	0.00651791	945996.	0.765001	0.595645	0.958441	141.366	154.918
2.374.977.348.814.570	0.527856	0.00649869	946937.	0.765343	0.596539	0.958493	140.811	154.295
2.384.977.348.814.570	0.526969	0.00646031	948819.	0.766028	0.598329	0.958596	139.704	153.052
2.394.977.348.814.570	0.526086	0.00642226	950690.	0.766711	0.600112	0.958699	138.607	151.821
2.404.977.348.814.570	0.525209	0.00638453	952551.	0.767392	0.601887	0.958801	137.521	150.602
2.414.977.348.814.570	0.524337	0.00634711	954400.	0.76807	0.603654	0.958903	136.446	149.395
2.424.977.348.814.570	0.52347	0.00631	956238.	0.768747	0.605414	0.959004	135.381	14.82
2.434.977.348.814.570	0.522608	0.0062732	958066.	0.769421	0.607167	0.959104	134.326	147.017
2.444.977.348.814.570	0.521751	0.0062367	959883.	0.770092	0.608912	0.959204	133.281	145.845
2.454.977.348.814.570	0.520899	0.0062005	961690.	0.770762	0.61065	0.959303	132.247	144.685
2.464.977.348.814.570	0.520052	0.0061646	963486.	0.771429	0.612381	0.959401	131.222	143.536
2.474.977.348.814.570	0.519209	0.00612899	965272.	0.772094	0.614104	0.959499	130.207	142.398
2.484.977.348.814.570	0.518372	0.00609367	967047.	0.772757	0.61582	0.959596	129.201	141.272
2.494.977.348.814.570	0.517539	0.00605864	968812.	0.773417	0.617529	0.959692	128.205	140.156
2.504.977.348.814.570	0.51671	0.0060239	970568.	0.774075	0.61923	0.959788	127.219	13.905
2.514.977.348.814.570	0.515887	0.00598943	972313.	0.774732	0.620925	0.959884	126.242	137.956
2.524.977.348.814.570	0.515068	0.00595525	974048.	0.775385	0.622612	0.959978	125.274	136.872
2.534.977.348.814.570	0.514253	0.00592134	975773.	0.776037	0.624293	0.960072	124.315	135.798
2.544.977.348.814.570	0.513443	0.0058877	977488.	0.776687	0.625966	0.960166	123.365	134.735
2.554.977.348.814.570	0.512638	0.00585433	979194.	0.777334	0.627633	0.960259	122.424	133.682
2.564.977.348.814.570	0.511837	0.00582122	980890.	0.77798	0.629292	0.960351	121.492	132.638
2.574.977.348.814.570	0.511041	0.00578838	982576.	0.778623	0.630945	0.960443	120.569	131.605
2.584.977.348.814.570	0.510249	0.0057558	984253.	0.779264	0.632591	0.960534	119.654	130.581
2.594.977.348.814.570	0.509461	0.00572348	985920.	0.779903	0.63423	0.960625	118.747	129.568
2.604.977.348.814.570	0.508678	0.00569141	987578.	0.78054	0.635862	0.960715	117.849	128.563
2.614.977.348.814.570	0.507899	0.00565959	989227.	0.781174	0.637488	0.960804	11.696	127.568
2.624.977.348.814.570	0.507124	0.00562803	990867.	0.781807	0.639107	0.960893	116.078	126.583
2.634.977.348.814.570	0.506354	0.00559671	992497.	0.782438	0.64072	0.960982	115.205	125.607
2.644.977.348.814.570	0.505588	0.00556564	994119.	0.783066	0.642326	0.96107	114.339	124.639
2.654.977.348.814.570	0.504826	0.0055348	995731.	0.783692	0.643925	0.961157	113.482	123.681
2.664.977.348.814.570	0.504068	0.00550421	997335.	0.784317	0.645518	0.961244	112.632	122.732
2.674.977.348.814.570	0.503314	0.00547385	998929.	0.784939	0.647104	0.96133	11.179	121.792
2.684.977.348.814.570	0.502564	0.00544373	1000515.	0.785559	0.648684	0.961416	110.956	12.086
2.694.977.348.814.570	0.501819	0.00541384	1002092.	0.786178	0.650257	0.961501	110.129	119.937
2.704.977.348.814.570	0.501077	0.00538418	1003661.	0.786794	0.651825	0.961586	10.931	119.022
2.714.977.348.814.570	0.500339	0.00535475	1005221.	0.787408	0.653385	0.96167	108.498	118.116
2.724.977.348.814.570	0.499606	0.00532554	1006772.	0.788021	0.65494	0.961754	107.694	117.218
2.734.977.348.814.570	0.498876	0.00529655	1008315.	0.788631	0.656488	0.961838	106.896	116.329
2.744.977.348.814.570	0.49815	0.00526778	1009850.	0.789239	0.65803	0.96192	106.106	115.447
2.754.977.348.814.570	0.497428	0.00523924	1011376.	0.789845	0.659566	0.962003	105.323	114.574
2.764.977.348.814.570	0.49671	0.00521091	1012894.	0.79045	0.661096	0.962084	104.547	113.709
2.774.977.348.814.570	0.495996	0.00518279	1014403.	0.791052	0.662619	0.962166	103.778	112.851
2.784.977.348.814.570	0.495285	0.00515488	1015905.	0.791653	0.664137	0.962246	103.016	112.002
2.794.977.348.814.570	0.494578	0.00512718	1017399.	0.792251	0.665648	0.962327	102.261	11.116
2.804.977.348.814.570	0.493875	0.00509969	1018884.	0.792848	0.667154	0.962407	101.512	110.325
2.814.977.348.814.570	0.493176	0.00507241	1020362.	0.793442	0.668653	0.962486	10.077	109.498
2.824.977.348.814.570	0.492481	0.00504532	1021831.	0.794035	0.670147	0.962565	100.034	108.679
2.834.977.348.814.570	0.491789	0.00501844	1023293.	0.794626	0.671634	0.962644	993.053	107.867
2.844.977.348.814.570	0.4911	0.00499176	1024747.	0.795215	0.673116	0.962722	985.826	107.062
2.854.977.348.814.570	0.490416	0.00496527	1026194.	0.795802	0.674592	0.962799	978.663	106.265
2.864.977.348.814.570	0.489734	0.00493898	1027632.	0.796387	0.676062	0.962877	971.563	105.474
2.874.977.348.814.570	0.489057	0.00491289	1029063.	0.79697	0.677526	0.962953	964.525	104.691
2.884.977.348.814.570	0.488383	0.00488698	1030487.	0.797552	0.678985	0.96303	957.548	103.915
2.894.977.348.814.570	0.487712	0.00486127	1031903.	0.798131	0.680438	0.963105	950.633	103.145
2.904.977.348.814.570	0.487045	0.00483574	1033311.	0.798709	0.681885	0.963181	943.777	102.383
2.914.977.348.814.570	0.486381	0.0048104	1034712.	0.799285	0.683326	0.963256	936.981	101.627
2.924.977.348.814.570	0.485721	0.00478524	1036106.	0.799859	0.684762	0.96333	930.243	100.878
2.934.977.348.814.570	0.485064	0.00476026	1037493.	0.800431	0.686192	0.963405	923.564	100.135
2.944.977.348.814.570	0.484411	0.00473546	1038872.	0.801001	0.687617	0.963478	916.943	993.993
2.954.977.348.814.570	0.483761	0.00471084	1040244.	0.80157	0.689036	0.963552	910.378	986.698
2.964.977.348.814.570	0.483114	0.0046864	1041609.	0.802137	0.690449	0.963625	903.871	979.466
2.974.977.348.814.570	0.48247	0.00466214	1042967.	0.802701	0.691857	0.963697	897.418	972.299
2.984.977.348.814.570	0.48183	0.00463805	1044318.	0.803265	0.69326	0.963769	891.022	965.193
2.994.977.348.814.570	0.481193	0.00461413	1045662.	0.803826	0.694657	0.963841	884.679	95.815
3.004.977.348.814.570	0.48056	0.00459038	1046999.	0.804386	0.696049	0.963912	878.391	951.169
3.014.977.348.814.570	0.479929	0.0045668	1048329.	0.804943	0.697435	0.963983	872.157	944.248
3.024.977.348.814.570	0.479302	0.00454338	1049653.	0.805499	0.698816	0.964053	865.975	937.387
3.034.977.348.814.570	0.478678	0.00452013	1050969.	0.806054	0.700192	0.964124	859.846	930.585
3.044.977.348.814.570	0.478057	0.00449705	1052279.	0.806606	0.701563	0.964193	853.769	923.842
3.054.977.348.814.570	0.477439	0.00447412	1053582.	0.807157	0.702928	0.964263	847.743	917.158
3.064.977.348.814.570	0.476824	0.00445136	1054879.	0.807706	0.704288	0.964332	841.768	910.531
3.074.977.348.814.570	0.476212	0.00442876	1056168.	0.808253	0.705643	0.9644	835.844	903.961
3.084.977.348.814.570	0.475604	0.00440632	1057452.	0.808799	0.706992	0.964468	829.969	897.448
3.094.977.348.814.570	0.474998	0.00438403	1058729.	0.809343	0.708337	0.964536	824.143	89.099
3.104.977.348.814.570	0.474395	0.00436189	1059999.	0.809885	0.709676	0.964604	818.367	884.588
3.114.977.348.814.570	0.473796	0.00433991	1061263.	0.810425	0.71101	0.964671	812.638	87.824
3.124.977.348.814.570	0.473199	0.00431809	1062521.	0.810964	0.712339	0.964737	806.958	871.947
3.134.977.348.814.570	0.472606	0.00429641	1063772.	0.811501	0.713663	0.964804	801.324	865.707
3.144.977.348.814.570	0.472015	0.00427488	1065017.	0.812037	0.714983	0.96487	795.738	85.952
3.154.977.348.814.570	0.471427	0.0042535	1066256.	0.81257	0.716297	0.964936	790.198	853.386
3.164.977.348.814.570	0.470842	0.00423227	1067488.	0.813102	0.717606	0.965001	784.704	847.303
3.174.977.348.814.570	0.47026	0.00421118	1068715.	0.813633	0.71891	0.965066	779.255	841.272
3.184.977.348.814.570	0.469681	0.00419023	1069935.	0.814162	0.720209	0.96513	773.851	835.292
3.194.977.348.814.570	0.469105	0.00416943	1071150.	0.814689	0.721504	0.965195	768.492	829.362
3.204.977.348.814.570	0.468531	0.00414877	1072358.	0.815214	0.722793	0.965259	763.177	823.482
3.214.977.348.814.570	0.467961	0.00412825	1073560.	0.815738	0.724078	0.965322	757.906	817.652
3.224.977.348.814.570	0.467393	0.00410787	1074756.	0.81626	0.725358	0.965385	752.678	81.187
3.234.977.348.814.570	0.466828	0.00408762	1075947.	0.816781	0.726633	0.965448	747.492	806.137
3.244.977.348.814.570	0.466265	0.00406751	1077131.	0.8173	0.727903	0.965511	742.349	800.451
3.254.977.348.814.570	0.465705	0.00404754	1078310.	0.817817	0.729168	0.965573	737.248	794.813
3.264.977.348.814.570	0.465149	0.0040277	1079483.	0.818333	0.730429	0.965635	732.189	789.222
3.274.977.348.814.570	0.464594	0.00400799	1080650.	0.818847	0.731685	0.965697	72.717	783.678
3.284.977.348.814.570	0.464043	0.00398842	1081812.	0.819359	0.732937	0.965758	722.193	778.179
3.294.977.348.814.570	0.463494	0.00396897	1082968.	0.81987	0.734184	0.965819	717.256	772.726
3.304.977.348.814.570	0.462947	0.00394966	1084118.	0.82038	0.735426	0.96588	712.358	767.318
3.314.977.348.814.570	0.462404	0.00393047	1085263.	0.820887	0.736663	0.96594	707.501	761.955
3.324.977.348.814.570	0.461863	0.00391141	1086402.	0.821394	0.737896	0.966	702.682	756.636
3.334.977.348.814.570	0.461324	0.00389247	1087535.	0.821898	0.739125	0.96606	697.902	751.361
3.344.977.348.814.570	0.460788	0.00387366	1088663.	0.822401	0.740348	0.966119	693.161	746.129
3.354.977.348.814.570	0.460255	0.00385497	1089786.	0.822903	0.741568	0.966178	688.457	74.094
3.364.977.348.814.570	0.459724	0.00383641	1090903.	0.823403	0.742783	0.966237	683.792	735.794
3.374.977.348.814.570	0.459196	0.00381797	1092015.	0.823901	0.743993	0.966295	679.163	730.689
3.384.977.348.814.570	0.45867	0.00379964	1093122.	0.824398	0.745199	0.966354	674.572	725.626
3.394.977.348.814.570	0.458147	0.00378144	1094223.	0.824894	0.7464	0.966411	670.017	720.605
3.404.977.348.814.570	0.457626	0.00376335	1095319.	0.825387	0.747597	0.966469	665.498	715.624
3.414.977.348.814.570	0.457108	0.00374538	1096410.	0.82588	0.74879	0.966526	661.016	710.684
3.424.977.348.814.570	0.456592	0.00372753	1097495.	0.826371	0.749978	0.966583	656.569	705.784
3.434.977.348.814.570	0.456078	0.00370979	1098575.	0.82686	0.751162	0.96664	652.157	700.924
3.444.977.348.814.570	0.455567	0.00369217	1099651.	0.827348	0.752342	0.966696	64.778	696.103
3.454.977.348.814.570	0.455058	0.00367466	1100721.	0.827834	0.753517	0.966753	643.437	69.132
3.464.977.348.814.570	0.454552	0.00365726	1101786.	0.828319	0.754688	0.966808	639.129	686.577
3.474.977.348.814.570	0.454048	0.00363998	1102846.	0.828802	0.755855	0.966864	634.854	681.871
3.484.977.348.814.570	0.453546	0.0036228	1103901.	0.829284	0.757017	0.966919	630.614	677.204
3.494.977.348.814.570	0.453047	0.00360574	1104951.	0.829765	0.758176	0.966974	626.406	672.574
3.504.977.348.814.570	0.45255	0.00358878	1105996.	0.830244	0.75933	0.967029	622.231	66.798
3.514.977.348.814.570	0.452056	0.00357193	1107036.	0.830721	0.76048	0.967084	61.809	663.424
3.524.977.348.814.570	0.451563	0.00355519	1108071.	0.831197	0.761625	0.967138	61.398	658.904
3.534.977.348.814.570	0.451073	0.00353855	1109101.	0.831672	0.762767	0.967192	609.902	65.442
3.544.977.348.814.570	0.450585	0.00352202	1110127.	0.832145	0.763904	0.967245	605.857	649.972
3.554.977.348.814.570	0.4501	0.00350559	1111148.	0.832616	0.765038	0.967299	601.842	645.559
3.564.977.348.814.570	0.449617	0.00348926	1112164.	0.833087	0.766167	0.967352	597.859	641.181
3.574.977.348.814.570	0.449136	0.00347304	1113175.	0.833556	0.767292	0.967405	593.907	636.838
3.584.977.348.814.570	0.448657	0.00345692	1114182.	0.834023	0.768413	0.967457	589.985	63.253
3.594.977.348.814.570	0.44818	0.0034409	1115184.	0.834489	0.769531	0.96751	586.093	628.255
3.604.977.348.814.570	0.447705	0.00342498	1116181.	0.834954	0.770644	0.967562	582.232	624.014
3.614.977.348.814.570	0.447233	0.00340915	1117174.	0.835417	0.771753	0.967614	5.784	619.806
3.624.977.348.814.570	0.446763	0.00339343	1118162.	0.835878	0.772858	0.967665	574.598	615.632
3.634.977.348.814.570	0.446295	0.0033778	1119145.	0.836339	0.773959	0.967717	570.824	61.149
3.644.977.348.814.570	0.445829	0.00336227	1120125.	0.836798	0.775056	0.967768	56.708	607.381
3.654.977.348.814.570	0.445365	0.00334684	1121099.	0.837255	0.77615	0.967818	563.365	603.304
3.664.977.348.814.570	0.444904	0.0033315	1122069.	0.837712	0.777239	0.967869	559.678	599.259
3.674.977.348.814.570	0.444444	0.00331625	1123035.	0.838166	0.778325	0.967919	556.019	595.246
3.684.977.348.814.570	0.443986	0.0033011	1123996.	0.83862	0.779406	0.967969	552.388	591.263
3.694.977.348.814.570	0.443531	0.00328604	1124953.	0.839072	0.780484	0.968019	548.784	587.312
3.704.977.348.814.570	0.443078	0.00327108	1125905.	0.839523	0.781558	0.968069	545.208	583.392
3.714.977.348.814.570	0.442626	0.0032562	1126853.	0.839972	0.782629	0.968118	541.659	579.502
3.724.977.348.814.570	0.442177	0.00324142	1127797.	0.84042	0.783695	0.968167	538.137	575.642
3.734.977.348.814.570	0.44173	0.00322672	1128737.	0.840867	0.784758	0.968216	534.641	571.812
3.744.977.348.814.570	0.441284	0.00321211	1129672.	0.841312	0.785816	0.968265	531.172	568.012
3.754.977.348.814.570	0.440841	0.0031976	1130603.	0.841756	0.786872	0.968313	52.773	564.241
3.764.977.348.814.570	0.4404	0.00318316	1131530.	0.842198	0.787923	0.968362	524.313	560.499
3.774.977.348.814.570	0.43996	0.00316882	1132453.	0.84264	0.788971	0.96841	520.921	556.785
3.784.977.348.814.570	0.439523	0.00315456	1133371.	0.84308	0.790015	0.968457	517.556	553.101
3.794.977.348.814.570	0.439087	0.00314039	1134286.	0.843518	0.791055	0.968505	514.215	549.445
3.804.977.348.814.570	0.438654	0.0031263	1135196.	0.843956	0.792092	0.968552	5.109	545.816
3.814.977.348.814.570	0.438222	0.0031123	1136102.	0.844392	0.793125	0.968599	507.609	542.216
3.824.977.348.814.570	0.437793	0.00309838	1137004.	0.844826	0.794154	0.968646	504.343	538.643
3.834.977.348.814.570	0.437365	0.00308454	1137902.	0.84526	0.79518	0.968693	501.101	535.097
3.844.977.348.814.570	0.436939	0.00307079	1138796.	0.845692	0.796202	0.968739	497.884	531.578
3.854.977.348.814.570	0.436515	0.00305712	1139687.	0.846123	0.797221	0.968785	49.469	528.087
3.864.977.348.814.570	0.436093	0.00304352	1140573.	0.846552	0.798236	0.968831	49.152	524.621
3.874.977.348.814.570	0.435672	0.00303001	1141455.	0.846981	0.799247	0.968877	488.374	521.182
3.884.977.348.814.570	0.435254	0.00301658	1142333.	0.847408	0.800255	0.968923	48.525	517.769
3.894.977.348.814.570	0.434837	0.00300323	1143208.	0.847833	0.80126	0.968968	48.215	514.382
3.904.977.348.814.570	0.434422	0.00298995	1144078.	0.848258	0.802261	0.969013	479.073	511.021
3.914.977.348.814.570	0.434009	0.00297676	1144945.	0.848681	0.803258	0.969058	476.019	507.685
3.924.977.348.814.570	0.433598	0.00296364	1145808.	0.849103	0.804252	0.969103	472.987	504.374
3.934.977.348.814.570	0.433189	0.00295059	1146667.	0.849523	0.805243	0.969147	469.977	501.088
3.944.977.348.814.570	0.432781	0.00293763	1147522.	0.849943	0.80623	0.969191	46.699	497.826
3.954.977.348.814.570	0.432375	0.00292473	1148374.	0.850361	0.807213	0.969235	464.024	49.459
3.964.977.348.814.570	0.431971	0.00291192	1149222.	0.850778	0.808194	0.969279	46.108	491.377
3.974.977.348.814.570	0.431569	0.00289918	1150066.	0.851194	0.809171	0.969323	458.158	488.189
3.984.977.348.814.570	0.431168	0.00288651	1150906.	0.851608	0.810144	0.969366	455.257	485.024
3.994.977.348.814.570	0.430769	0.00287391	1151743.	0.852021	0.811114	0.96941	452.377	481.883
4.004.977.348.814.570	0.430372	0.00286139	1152576.	0.852433	0.812081	0.969453	449.518	478.765
4.014.977.348.814.570	0.429977	0.00284894	1153405.	0.852844	0.813044	0.969496	44.668	475.671
4.024.977.348.814.570	0.429583	0.00283656	1154231.	0.853253	0.814005	0.969538	443.863	4.726
4.034.977.348.814.570	0.429191	0.00282425	1155053.	0.853662	0.814961	0.969581	441.066	469.551
4.044.977.348.814.570	0.428801	0.00281201	1155872.	0.854069	0.815915	0.969623	438.289	466.526
4.054.977.348.814.570	0.428412	0.00279984	1156687.	0.854475	0.816865	0.969665	435.533	463.522
4.064.977.348.814.570	0.428025	0.00278775	1157499.	0.854879	0.817812	0.969707	432.796	460.541
4.074.977.348.814.570	0.42764	0.00277572	1158307.	0.855283	0.818756	0.969749	43.008	457.582
4.084.977.348.814.570	0.427256	0.00276375	1159112.	0.855685	0.819696	0.96979	427.382	454.645
4.094.977.348.814.570	0.426874	0.00275186	1159913.	0.856086	0.820634	0.969832	424.705	451.729
4.104.977.348.814.570	0.426494	0.00274003	1160711.	0.856486	0.821568	0.969873	422.046	448.835
4.114.977.348.814.570	0.426115	0.00272827	1161505.	0.856885	0.822499	0.969914	419.407	445.962
4.124.977.348.814.570	0.425737	0.00271658	1162296.	0.857282	0.823426	0.969955	416.786	443.111
4.134.977.348.814.570	0.425362	0.00270495	1163083.	0.857679	0.824351	0.969995	414.184	44.028
4.144.977.348.814.570	0.424988	0.00269339	1163868.	0.858074	0.825272	0.970036	411.601	43.747
4.154.977.348.814.570	0.424615	0.0026819	1164648.	0.858468	0.826191	0.970076	409.037	43.468
4.164.977.348.814.570	0.424244	0.00267046	1165426.	0.858861	0.827106	0.970116	40.649	431.911
4.174.977.348.814.570	0.423875	0.00265909	1166200.	0.859253	0.828018	0.970156	403.962	429.162
4.184.977.348.814.570	0.423507	0.00264779	1166971.	0.859643	0.828927	0.970196	401.452	426.434
4.194.977.348.814.570	0.423141	0.00263655	1167738.	0.860033	0.829833	0.970235	39.896	423.725
4.204.977.348.814.570	0.422777	0.00262537	1168503.	0.860421	0.830735	0.970274	396.485	421.035
4.214.977.348.814.570	0.422413	0.00261425	1169264.	0.860808	0.831635	0.970314	394.028	418.366
4.224.977.348.814.570	0.422052	0.00260319	1170022.	0.861194	0.832532	0.970353	391.588	415.715
4.234.977.348.814.570	0.421692	0.0025922	1170776.	0.861579	0.833425	0.970392	389.166	413.084
4.244.977.348.814.570	0.421333	0.00258126	1171528.	0.861963	0.834316	0.97043	386.761	410.472
4.254.977.348.814.570	0.420976	0.00257039	1172276.	0.862345	0.835203	0.970469	384.373	407.879
4.264.977.348.814.570	0.42062	0.00255958	1173021.	0.862727	0.836088	0.970507	382.001	405.305
4.274.977.348.814.570	0.420266	0.00254882	1173763.	0.863107	0.83697	0.970545	379.647	402.749
4.284.977.348.814.570	0.419914	0.00253813	1174502.	0.863487	0.837848	0.970583	377.308	400.211
4.294.977.348.814.570	0.419562	0.00252749	1175238.	0.863865	0.838724	0.970621	374.987	397.692
4.304.977.348.814.570	0.419213	0.00251691	1175971.	0.864242	0.839597	0.970659	372.681	395.191
4.314.977.348.814.570	0.418864	0.00250639	1176700.	0.864618	0.840466	0.970696	370.392	392.708
4.324.977.348.814.570	0.418518	0.00249593	1177427.	0.864992	0.841333	0.970733	368.119	390.242
4.334.977.348.814.570	0.418172	0.00248552	1178151.	0.865366	0.842197	0.970771	365.862	387.795
4.344.977.348.814.570	0.417828	0.00247517	1178871.	0.865739	0.843058	0.970808	36.362	385.364
4.354.977.348.814.570	0.417486	0.00246487	1179589.	0.86611	0.843916	0.970844	361.394	382.952
4.364.977.348.814.570	0.417144	0.00245463	1180303.	0.866481	0.844772	0.970881	359.184	380.556
4.374.977.348.814.570	0.416805	0.00244445	1181015.	0.86685	0.845624	0.970918	356.989	378.177
4.384.977.348.814.570	0.416466	0.00243432	1181724.	0.867219	0.846474	0.970954	354.809	375.816
4.394.977.348.814.570	0.416129	0.00242425	1182429.	0.867586	0.84732	0.97099	352.644	373.471
4.404.977.348.814.570	0.415794	0.00241423	1183132.	0.867952	0.848164	0.971026	350.495	371.143
4.414.977.348.814.570	0.41546	0.00240426	1183832.	0.868317	0.849005	0.971062	34.836	368.831
4.424.977.348.814.570	0.415127	0.00239435	1184529.	0.868681	0.849844	0.971098	34.624	366.536
4.434.977.348.814.570	0.414795	0.00238449	1185223.	0.869044	0.850679	0.971133	344.135	364.257
4.444.977.348.814.570	0.414465	0.00237468	1185915.	0.869406	0.851512	0.971169	342.044	361.994
4.454.977.348.814.570	0.414136	0.00236493	1186603.	0.869767	0.852342	0.971204	339.968	359.747
4.464.977.348.814.570	0.413809	0.00235523	1187289.	0.870127	0.853169	0.971239	337.906	357.516
4.474.977.348.814.570	0.413483	0.00234558	1187972.	0.870485	0.853993	0.971274	335.858	355.301
4.484.977.348.814.570	0.413158	0.00233598	1188652.	0.870843	0.854815	0.971309	333.824	353.101
4.494.977.348.814.570	0.412834	0.00232643	1189329.	0.8712	0.855634	0.971344	331.805	350.917
4.504.977.348.814.570	0.412512	0.00231693	1190003.	0.871555	0.85645	0.971378	329.799	348.748
4.514.977.348.814.570	0.412191	0.00230748	1190675.	0.87191	0.857264	0.971413	327.806	346.594
4.524.977.348.814.570	0.411872	0.00229808	1191344.	0.872263	0.858074	0.971447	325.828	344.455
4.534.977.348.814.570	0.411554	0.00228873	1192010.	0.872616	0.858883	0.971481	323.863	342.331
4.544.977.348.814.570	0.411237	0.00227943	1192674.	0.872967	0.859688	0.971515	321.911	340.223
4.554.977.348.814.570	0.410921	0.00227018	1193335.	0.873318	0.860491	0.971549	319.973	338.128
4.564.977.348.814.570	0.410606	0.00226098	1193993.	0.873667	0.861291	0.971583	318.048	336.049
4.574.977.348.814.570	0.410293	0.00225182	1194648.	0.874016	0.862089	0.971616	316.136	333.984
4.584.977.348.814.570	0.409981	0.00224272	1195301.	0.874363	0.862884	0.971649	314.237	331.933
4.594.977.348.814.570	0.409671	0.00223366	1195952.	0.87471	0.863676	0.971683	312.351	329.897
4.604.977.348.814.570	0.409361	0.00222464	1196599.	0.875055	0.864466	0.971716	310.477	327.874
4.614.977.348.814.570	0.409053	0.00221568	1197244.	0.8754	0.865253	0.971749	308.617	325.866
4.624.977.348.814.570	0.408746	0.00220676	1197887.	0.875743	0.866037	0.971782	306.769	323.872
4.634.977.348.814.570	0.40844	0.00219789	1198526.	0.876086	0.866819	0.971814	304.933	321.891
4.644.977.348.814.570	0.408136	0.00218906	1199164.	0.876427	0.867598	0.971847	30.311	319.925
4.654.977.348.814.570	0.407832	0.00218028	1199798.	0.876768	0.868375	0.971879	301.299	317.971
4.664.977.348.814.570	0.40753	0.00217154	1200430.	0.877107	0.86915	0.971912	2.995	316.031
4.674.977.348.814.570	0.407229	0.00216285	1201060.	0.877445	0.869921	0.971944	297.714	314.105
4.684.977.348.814.570	0.40693	0.0021542	1201687.	0.877783	0.87069	0.971976	295.939	312.192
4.694.977.348.814.570	0.406631	0.0021456	1202312.	0.87812	0.871457	0.972008	294.177	310.292
4.704.977.348.814.570	0.406334	0.00213704	1202934.	0.878455	0.872221	0.972039	292.426	308.405
4.714.977.348.814.570	0.406038	0.00212853	1203553.	0.87879	0.872983	0.972071	290.687	306.531
4.724.977.348.814.570	0.405743	0.00212006	1204170.	0.879123	0.873742	0.972102	288.959	30.467
4.734.977.348.814.570	0.405449	0.00211163	1204785.	0.879456	0.874499	0.972134	287.244	302.821
4.744.977.348.814.570	0.405156	0.00210325	1205397.	0.879788	0.875253	0.972165	285.539	300.986
4.754.977.348.814.570	0.404865	0.0020949	1206007.	0.880119	0.876005	0.972196	283.846	299.162
4.764.977.348.814.570	0.404574	0.0020866	1206615.	0.880448	0.876754	0.972227	282.164	297.352
4.774.977.348.814.570	0.404285	0.00207835	1207220.	0.880777	0.877501	0.972258	280.494	295.553
4.784.977.348.814.570	0.403997	0.00207013	1207822.	0.881105	0.878246	0.972289	278.835	293.767
4.794.977.348.814.570	0.40371	0.00206196	1208422.	0.881432	0.878988	0.972319	277.186	291.993
4.804.977.348.814.570	0.403424	0.00205382	1209020.	0.881758	0.879727	0.97235	275.549	290.231
4.814.977.348.814.570	0.403139	0.00204573	1209616.	0.882083	0.880465	0.97238	273.922	288.481
4.824.977.348.814.570	0.402856	0.00203768	1210209.	0.882407	0.881199	0.97241	272.306	286.743
4.834.977.348.814.570	0.402573	0.00202967	1210800.	0.882731	0.881932	0.97244	270.701	285.017
4.844.977.348.814.570	0.402292	0.0020217	1211388.	0.883053	0.882662	0.97247	269.107	283.302
4.854.977.348.814.570	0.402011	0.00201377	1211974.	0.883374	0.88339	0.9725	267.523	281.599
4.864.977.348.814.570	0.401732	0.00200587	1212558.	0.883695	0.884115	0.97253	265.949	279.907
4.874.977.348.814.570	0.401454	0.00199802	1213140.	0.884014	0.884838	0.97256	264.386	278.227
4.884.977.348.814.570	0.401177	0.00199021	1213719.	0.884333	0.885559	0.972589	262.834	276.559
4.894.977.348.814.570	0.400901	0.00198244	1214296.	0.884651	0.886277	0.972618	261.291	274.901
4.904.977.348.814.570	0.400626	0.0019747	1214871.	0.884967	0.886993	0.972648	259.759	273.255
4.914.977.348.814.570	0.400352	0.001967	1215444.	0.885283	0.887707	0.972677	258.236	271.619
4.924.977.348.814.570	0.400079	0.00195934	1216014.	0.885598	0.888418	0.972706	256.724	269.995
4.934.977.348.814.570	0.399808	0.00195172	1216582.	0.885912	0.889128	0.972735	255.221	268.381
4.944.977.348.814.570	0.399537	0.00194414	1217148.	0.886226	0.889835	0.972763	253.729	266.779
4.954.977.348.814.570	0.399267	0.00193659	1217712.	0.886538	0.890539	0.972792	252.246	265.187
4.964.977.348.814.570	0.398999	0.00192909	1218273.	0.886849	0.891241	0.972821	250.773	263.606
4.974.977.348.814.570	0.398731	0.00192161	1218832.	0.88716	0.891942	0.972849	249.309	262.035
4.984.977.348.814.570	0.398465	0.00191418	1219390.	0.887469	0.892639	0.972877	247.855	260.475
4.994.977.348.814.570	0.398199	0.00190678	1219945.	0.887778	0.893335	0.972906	24.641	258.925
5.004.977.348.814.570	0.397935	0.00189942	1220498.	0.888086	0.894028	0.972934	244.975	257.385
5.014.977.348.814.570	0.397671	0.00189209	1221048.	0.888393	0.894719	0.972962	243.549	255.856
5.024.977.348.814.570	0.397409	0.0018848	1221597.	0.888699	0.895408	0.97299	242.133	254.337
5.034.977.348.814.570	0.397147	0.00187755	1222143.	0.889004	0.896095	0.973017	240.726	252.828
5.044.977.348.814.570	0.396887	0.00187033	1222688.	0.889308	0.89678	0.973045	239.327	251.329
5.054.977.348.814.570	0.396627	0.00186314	1223230.	0.889612	0.897462	0.973073	237.938	24.984
5.064.977.348.814.570	0.396369	0.00185599	1223770.	0.889914	0.898142	0.9731	236.558	248.361
5.074.977.348.814.570	0.396111	0.00184888	1224308.	0.890216	0.89882	0.973127	235.187	246.892
5.084.977.348.814.570	0.395855	0.0018418	1224845.	0.890517	0.899496	0.973155	233.824	245.432
5.094.977.348.814.570	0.395599	0.00183475	1225379.	0.890817	0.90017	0.973182	232.471	243.982
5.104.977.348.814.570	0.395344	0.00182774	1225911.	0.891116	0.900841	0.973209	231.126	242.542
5.114.977.348.814.570	0.395091	0.00182076	1226441.	0.891414	0.901511	0.973236	22.979	241.111
5.124.977.348.814.570	0.394838	0.00181382	1226969.	0.891712	0.902178	0.973262	228.462	239.689
5.134.977.348.814.570	0.394586	0.0018069	1227494.	0.892009	0.902843	0.973289	227.143	238.277
5.144.977.348.814.570	0.394336	0.00180003	1228018.	0.892304	0.903506	0.973316	225.833	236.874
5.154.977.348.814.570	0.394086	0.00179318	1228540.	0.892599	0.904167	0.973342	22.453	23.548
5.164.977.348.814.570	0.393837	0.00178637	1229060.	0.892893	0.904826	0.973369	223.237	234.096
5.174.977.348.814.570	0.393589	0.00177959	1229578.	0.893186	0.905482	0.973395	221.951	23.272
5.184.977.348.814.570	0.393342	0.00177284	1230094.	0.893479	0.906137	0.973421	220.674	231.354
5.194.977.348.814.570	0.393096	0.00176612	1230608.	0.89377	0.90679	0.973447	219.405	229.997
5.204.977.348.814.570	0.392851	0.00175944	1231120.	0.894061	0.90744	0.973473	218.144	228.648
5.214.977.348.814.570	0.392607	0.00175279	1231631.	0.894351	0.908088	0.973499	216.891	227.308
5.224.977.348.814.570	0.392363	0.00174617	1232139.	0.89464	0.908735	0.973525	215.646	225.977
5.234.977.348.814.570	0.392121	0.00173958	1232645.	0.894928	0.909379	0.97355	214.409	224.655
5.244.977.348.814.570	0.391879	0.00173302	1233150.	0.895216	0.910021	0.973576	213.179	223.341
5.254.977.348.814.570	0.391639	0.0017265	1233652.	0.895503	0.910662	0.973601	211.958	222.036
5.264.977.348.814.570	0.391399	0.00172	1234153.	0.895788	0.9113	0.973627	210.745	220.739
5.274.977.348.814.570	0.39116	0.00171354	1234652.	0.896073	0.911936	0.973652	209.539	219.451
5.284.977.348.814.570	0.390923	0.0017071	1235148.	0.896358	0.91257	0.973677	20.834	218.171
5.294.977.348.814.570	0.390686	0.0017007	1235643.	0.896641	0.913203	0.973702	20.715	216.899
5.304.977.348.814.570	0.390449	0.00169432	1236137.	0.896924	0.913833	0.973727	205.967	215.636
5.314.977.348.814.570	0.390214	0.00168798	1236628.	0.897205	0.914461	0.973752	204.791	21.438
5.324.977.348.814.570	0.38998	0.00168166	1237117.	0.897486	0.915087	0.973777	203.623	213.133
5.334.977.348.814.570	0.389746	0.00167538	1237605.	0.897766	0.915712	0.973801	202.462	211.894
5.344.977.348.814.570	0.389514	0.00166912	1238091.	0.898046	0.916334	0.973826	201.309	210.663
5.354.977.348.814.570	0.389282	0.0016629	1238575.	0.898324	0.916954	0.973851	200.162	20.944
5.364.977.348.814.570	0.389051	0.0016567	1239057.	0.898602	0.917573	0.973875	199.024	208.225
5.374.977.348.814.570	0.388821	0.00165053	1239537.	0.898879	0.918189	0.973899	197.892	207.017
5.384.977.348.814.570	0.388592	0.00164439	1240016.	0.899156	0.918804	0.973923	196.767	205.818
5.394.977.348.814.570	0.388363	0.00163828	1240493.	0.899431	0.919416	0.973948	195.649	204.626
5.404.977.348.814.570	0.388136	0.0016322	1240968.	0.899706	0.920027	0.973972	194.539	203.442
5.414.977.348.814.570	0.387909	0.00162614	1241441.	0.89998	0.920636	0.973996	193.435	202.265
5.424.977.348.814.570	0.387683	0.00162011	1241913.	0.900253	0.921243	0.974019	192.338	201.096
5.434.977.348.814.570	0.387458	0.00161411	1242382.	0.900525	0.921848	0.974043	191.249	199.934
5.444.977.348.814.570	0.387234	0.00160814	1242851.	0.900797	0.922451	0.974067	190.166	19.878
5.454.977.348.814.570	0.387011	0.0016022	1243317.	0.901067	0.923052	0.97409	189.089	197.633
5.464.977.348.814.570	0.386788	0.00159628	1243781.	0.901338	0.923651	0.974114	18.802	196.494
5.474.977.348.814.570	0.386566	0.00159039	1244244.	0.901607	0.924249	0.974137	186.957	195.361
5.484.977.348.814.570	0.386345	0.00158453	1244706.	0.901875	0.924844	0.974161	185.901	194.236
5.494.977.348.814.570	0.386125	0.00157869	1245165.	0.902143	0.925438	0.974184	184.851	193.118
5.504.977.348.814.570	0.385906	0.00157289	1245623.	0.90241	0.92603	0.974207	183.808	192.008
5.514.977.348.814.570	0.385688	0.0015671	1246079.	0.902676	0.92662	0.97423	182.771	190.904
5.524.977.348.814.570	0.38547	0.00156135	1246533.	0.902942	0.927208	0.974253	181.741	189.807
5.534.977.348.814.570	0.385253	0.00155562	1246986.	0.903207	0.927794	0.974276	180.717	188.718
5.544.977.348.814.570	0.385037	0.00154991	1247437.	0.903471	0.928379	0.974299	1.797	187.635
5.554.977.348.814.570	0.384821	0.00154424	1247887.	0.903734	0.928962	0.974321	178.689	186.559
5.564.977.348.814.570	0.384607	0.00153858	1248334.	0.903996	0.929543	0.974344	177.684	18.549
5.574.977.348.814.570	0.384393	0.00153296	1248781.	0.904258	0.930122	0.974366	176.685	184.428
5.584.977.348.814.570	0.38418	0.00152736	1249225.	0.904519	0.930699	0.974389	175.693	183.372
5.594.977.348.814.570	0.383968	0.00152178	1249668.	0.90478	0.931274	0.974411	174.707	182.323
5.604.977.348.814.570	0.383757	0.00151623	1250109.	0.905039	0.931848	0.974434	173.726	181.281
5.614.977.348.814.570	0.383546	0.00151071	1250549.	0.905298	0.93242	0.974456	172.752	180.245
5.624.977.348.814.570	0.383336	0.00150521	1250987.	0.905556	0.93299	0.974478	171.784	179.216
5.634.977.348.814.570	0.383127	0.00149973	1251424.	0.905814	0.933559	0.9745	170.822	178.193
5.644.977.348.814.570	0.382918	0.00149428	1251859.	0.90607	0.934125	0.974522	169.865	177.177
5.654.977.348.814.570	0.382711	0.00148885	1252292.	0.906326	0.93469	0.974544	168.915	176.167
5.664.977.348.814.570	0.382504	0.00148345	1252724.	0.906581	0.935253	0.974566	16.797	175.163
5.674.977.348.814.570	0.382298	0.00147807	1253154.	0.906836	0.935815	0.974587	167.032	174.166
5.684.977.348.814.570	0.382092	0.00147272	1253582.	0.90709	0.936374	0.974609	166.099	173.175
5.694.977.348.814.570	0.381888	0.00146739	1254009.	0.907343	0.936932	0.97463	165.171	17.219
5.704.977.348.814.570	0.381684	0.00146208	1254435.	0.907595	0.937488	0.974652	16.425	171.212
5.714.977.348.814.570	0.38148	0.0014568	1254859.	0.907847	0.938043	0.974673	163.334	170.239
5.724.977.348.814.570	0.381278	0.00145154	1255281.	0.908098	0.938596	0.974695	162.423	169.273
5.734.977.348.814.570	0.381076	0.0014463	1255702.	0.908348	0.939147	0.974716	161.519	168.313
5.744.977.348.814.570	0.380875	0.00144109	1256122.	0.908598	0.939696	0.974737	160.619	167.358
5.754.977.348.814.570	0.380675	0.0014359	1256540.	0.908846	0.940244	0.974758	159.726	16.641
5.764.977.348.814.570	0.380475	0.00143074	1256956.	0.909095	0.94079	0.974779	158.837	165.467
5.774.977.348.814.570	0.380276	0.00142559	1257371.	0.909342	0.941334	0.9748	157.954	164.531
5.784.977.348.814.570	0.380078	0.00142047	1257784.	0.909589	0.941877	0.974821	157.077	1.636
5.794.977.348.814.570	0.379881	0.00141537	1258196.	0.909835	0.942418	0.974841	156.205	162.675
5.804.977.348.814.570	0.379684	0.0014103	1258607.	0.91008	0.942957	0.974862	155.338	161.755
5.814.977.348.814.570	0.379488	0.00140524	1259016.	0.910325	0.943495	0.974883	154.476	160.842
5.824.977.348.814.570	0.379293	0.00140021	1259423.	0.910569	0.944031	0.974903	15.362	159.934
5.834.977.348.814.570	0.379098	0.0013952	1259829.	0.910812	0.944565	0.974924	152.769	159.032
5.844.977.348.814.570	0.378904	0.00139022	1260234.	0.911055	0.945098	0.974944	151.923	158.135
5.854.977.348.814.570	0.378711	0.00138525	1260637.	0.911297	0.945629	0.974964	151.082	157.244
5.864.977.348.814.570	0.378518	0.00138031	1261039.	0.911538	0.946158	0.974985	150.246	156.358
5.874.977.348.814.570	0.378326	0.00137539	1261439.	0.911779	0.946686	0.975005	149.415	155.478
5.884.977.348.814.570	0.378135	0.00137049	1261838.	0.912018	0.947212	0.975025	148.589	154.603
5.894.977.348.814.570	0.377944	0.00136561	1262235.	0.912258	0.947737	0.975045	147.768	153.734
5.904.977.348.814.570	0.377754	0.00136075	1262631.	0.912496	0.94826	0.975065	146.953	15.287
5.914.977.348.814.570	0.377565	0.00135591	1263026.	0.912734	0.948781	0.975085	146.142	152.011
5.924.977.348.814.570	0.377377	0.0013511	1263419.	0.912971	0.949301	0.975104	145.336	151.158
5.934.977.348.814.570	0.377189	0.0013463	1263811.	0.913208	0.949819	0.975124	144.535	15.031
5.944.977.348.814.570	0.377002	0.00134153	1264201.	0.913444	0.950336	0.975144	143.738	149.467
5.954.977.348.814.570	0.376815	0.00133677	1264590.	0.913679	0.950851	0.975163	142.947	148.629
5.964.977.348.814.570	0.376629	0.00133204	1264978.	0.913914	0.951364	0.975183	14.216	147.797
5.974.977.348.814.570	0.376444	0.00132733	1265364.	0.914148	0.951876	0.975202	141.378	146.969
5.984.977.348.814.570	0.376259	0.00132264	1265749.	0.914381	0.952386	0.975222	1.406	146.147
5.994.977.348.814.570	0.376075	0.00131797	1266133.	0.914614	0.952895	0.975241	139.828	14.533
6.004.977.348.814.570	0.375892	0.00131331	1266515.	0.914846	0.953402	0.97526	13.906	144.517
6.014.977.348.814.570	0.375709	0.00130868	1266896.	0.915077	0.953908	0.975279	138.296	14.371
6.024.977.348.814.570	0.375527	0.00130407	1267276.	0.915308	0.954412	0.975299	137.537	142.907
6.034.977.348.814.570	0.375346	0.00129948	1267654.	0.915538	0.954915	0.975318	136.783	14.211
6.044.977.348.814.570	0.375165	0.00129491	1268031.	0.915767	0.955416	0.975337	136.033	141.317
6.054.977.348.814.570	0.374985	0.00129035	1268406.	0.915996	0.955915	0.975355	135.288	140.529
6.064.977.348.814.570	0.374806	0.00128582	1268780.	0.916224	0.956413	0.975374	134.547	139.746
607.438.280.735.998	0.374637	0.00128157	1269131.	0.916438	0.956881	0.975392	133.854	139.014
608.438.280.735.998	0.374459	0.00127708	1269503.	0.916665	0.957376	0.975411	133.121	13.824
609.438.280.735.998	0.374282	0.0012726	1269873.	0.916891	0.957869	0.975429	132.393	137.471
610.438.280.735.998	0.374105	0.00126815	1270242.	0.917117	0.958361	0.975448	13.167	136.707
611.438.280.735.998	0.373928	0.00126371	1270610.	0.917342	0.958852	0.975466	13.095	135.947
612.438.280.735.998	0.373752	0.00125929	1270976.	0.917566	0.959341	0.975485	130.235	135.192
613.438.280.735.998	0.373577	0.00125489	1271342.	0.91779	0.959829	0.975503	129.524	134.441
614.438.280.735.998	0.373403	0.0012505	1271705.	0.918013	0.960315	0.975521	128.818	133.695
615.438.280.735.998	0.373229	0.00124614	1272068.	0.918236	0.9608	0.97554	128.115	132.953
616.438.280.735.998	0.373055	0.00124179	1272429.	0.918457	0.961283	0.975558	127.417	132.216
617.438.280.735.998	0.372883	0.00123747	1272790.	0.918679	0.961764	0.975576	126.723	131.484
618.438.280.735.998	0.37271	0.00123316	1273149.	0.918899	0.962245	0.975594	126.032	130.756
619.438.280.735.998	0.372539	0.00122887	1273506.	0.919119	0.962724	0.975612	125.346	130.032
620.438.280.735.998	0.372368	0.0012246	1273863.	0.919339	0.963201	0.97563	124.664	129.312
621.438.280.735.998	0.372197	0.00122034	1274218.	0.919558	0.963677	0.975648	123.987	128.597
622.438.280.735.998	0.372028	0.00121611	1274572.	0.919776	0.964151	0.975665	123.313	127.887
623.438.280.735.998	0.371858	0.00121189	1274924.	0.919993	0.964625	0.975683	122.643	12.718
624.438.280.735.998	0.37169	0.00120769	1275276.	0.92021	0.965096	0.975701	121.977	126.478
625.438.280.735.998	0.371522	0.0012035	1275626.	0.920427	0.965566	0.975718	121.315	12.578
626.438.280.735.998	0.371354	0.00119934	1275975.	0.920643	0.966035	0.975736	120.656	125.086
627.438.280.735.998	0.371187	0.00119519	1276323.	0.920858	0.966503	0.975753	120.002	124.396
628.438.280.735.998	0.371021	0.00119106	1276669.	0.921072	0.966969	0.975771	119.352	123.711
629.438.280.735.998	0.370855	0.00118694	1277015.	0.921286	0.967433	0.975788	118.705	123.029
630.438.280.735.998	0.37069	0.00118285	1277359.	0.9215	0.967896	0.975805	118.062	122.352
631.438.280.735.998	0.370526	0.00117877	1277702.	0.921712	0.968358	0.975822	117.423	121.679
632.438.280.735.998	0.370362	0.0011747	1278044.	0.921925	0.968819	0.97584	116.788	121.009
633.438.280.735.998	0.370198	0.00117066	1278385.	0.922136	0.969278	0.975857	116.156	120.344
634.438.280.735.998	0.370035	0.00116663	1278724.	0.922347	0.969735	0.975874	115.528	119.683
635.438.280.735.998	0.369873	0.00116261	1279062.	0.922558	0.970192	0.975891	114.904	119.025
636.438.280.735.998	0.369711	0.00115862	1279400.	0.922768	0.970646	0.975908	114.283	118.372
637.438.280.735.998	0.36955	0.00115464	1279736.	0.922977	0.9711	0.975924	113.666	117.723
638.438.280.735.998	0.369389	0.00115068	1280071.	0.923186	0.971552	0.975941	113.053	117.077
639.438.280.735.998	0.369229	0.00114673	1280404.	0.923394	0.972003	0.975958	112.443	116.435
640.438.280.735.998	0.369069	0.0011428	1280737.	0.923601	0.972452	0.975975	111.837	115.797
641.438.280.735.998	0.36891	0.00113888	1281068.	0.923808	0.972901	0.975991	111.234	115.163
642.438.280.735.998	0.368752	0.00113499	1281399.	0.924015	0.973347	0.976008	110.635	114.532
643.438.280.735.998	0.368594	0.0011311	1281728.	0.92422	0.973793	0.976024	11.004	113.906
644.438.280.735.998	0.368436	0.00112724	1282056.	0.924426	0.974237	0.976041	109.447	113.283
645.438.280.735.998	0.368279	0.00112339	1282383.	0.92463	0.97468	0.976057	108.858	112.664
646.438.280.735.998	0.368123	0.00111955	1282708.	0.924834	0.975121	0.976074	108.273	112.048
647.438.280.735.998	0.367967	0.00111573	1283033.	0.925038	0.975561	0.97609	107.691	111.436
648.438.280.735.998	0.367812	0.00111193	1283357.	0.925241	0.976	0.976106	107.113	110.828
649.438.280.735.998	0.367657	0.00110814	1283679.	0.925443	0.976437	0.976122	106.537	110.223
650.438.280.735.998	0.367503	0.00110437	1284001.	0.925645	0.976874	0.976138	105.965	109.622
651.438.280.735.998	0.367349	0.00110061	1284321.	0.925847	0.977308	0.976154	105.397	109.024
652.438.280.735.998	0.367196	0.00109687	1284640.	0.926047	0.977742	0.97617	104.832	10.843
653.438.280.735.998	0.367043	0.00109315	1284958.	0.926247	0.978174	0.976186	104.269	10.784
654.438.280.735.998	0.366891	0.00108944	1285275.	0.926447	0.978605	0.976202	103.711	107.253
655.438.280.735.998	0.366739	0.00108574	1285591.	0.926646	0.979035	0.976218	103.155	106.669
656.438.280.735.998	0.366588	0.00108206	1285906.	0.926845	0.979463	0.976234	102.603	106.089
657.438.280.735.998	0.366437	0.00107839	1286220.	0.927043	0.979891	0.97625	102.054	105.512
658.438.280.735.998	0.366287	0.00107474	1286533.	0.92724	0.980316	0.976265	101.508	104.939
659.438.280.735.998	0.366138	0.0010711	1286844.	0.927437	0.980741	0.976281	100.965	104.369
660.438.280.735.998	0.365988	0.00106748	1287155.	0.927633	0.981164	0.976296	100.425	103.802
661.438.280.735.998	0.36584	0.00106387	1287465.	0.927829	0.981587	0.976312	0.998885	103.239
662.438.280.735.998	0.365692	0.00106028	1287773.	0.928024	0.982007	0.976327	0.99355	102.679
663.438.280.735.998	0.365544	0.0010567	1288081.	0.928219	0.982427	0.976343	0.988245	102.122
664.438.280.735.998	0.365397	0.00105314	1288387.	0.928413	0.982845	0.976358	0.982971	101.568
665.438.280.735.998	0.36525	0.00104959	1288693.	0.928607	0.983262	0.976373	0.977727	101.018
666.438.280.735.998	0.365104	0.00104605	1288997.	0.9288	0.983678	0.976389	0.972514	100.471
667.438.280.735.998	0.364958	0.00104253	1289300.	0.928992	0.984093	0.976404	0.96733	0.999273
668.438.280.735.998	0.364813	0.00103902	1289603.	0.929184	0.984506	0.976419	0.962176	0.993866
669.438.280.735.998	0.364669	0.00103553	1289904.	0.929376	0.984918	0.976434	0.957051	0.988491
670.438.280.735.998	0.364524	0.00103205	1290204.	0.929567	0.985329	0.976449	0.951956	0.983148
671.438.280.735.998	0.364381	0.00102859	1290504.	0.929757	0.985739	0.976464	0.94689	0.977836
672.438.280.735.998	0.364237	0.00102514	1290802.	0.929947	0.986147	0.976479	0.941853	0.972554
673.438.280.735.998	0.364095	0.0010217	1291099.	0.930137	0.986555	0.976494	0.936844	0.967304
674.438.280.735.998	0.363952	0.00101827	1291396.	0.930326	0.986961	0.976509	0.931865	0.962084
675.438.280.735.998	0.363811	0.00101486	1291691.	0.930514	0.987366	0.976524	0.926914	0.956894
676.438.280.735.998	0.363669	0.00101147	1291985.	0.930702	0.987769	0.976538	0.921991	0.951735
677.438.280.735.998	0.363528	0.00100808	1292279.	0.930889	0.988172	0.976553	0.917096	0.946605
678.438.280.735.998	0.363388	0.00100471	1292571.	0.931076	0.988573	0.976568	0.912229	0.941506
679.438.280.735.998	0.363248	0.00100136	1292862.	0.931262	0.988973	0.976582	0.907389	0.936436
680.438.280.735.998	0.363109	0.000998013	1293153.	0.931448	0.989372	0.976597	0.902577	0.931395
681.438.280.735.998	0.36297	0.000994683	1293442.	0.931633	0.98977	0.976611	0.897793	0.926384
682.438.280.735.998	0.362831	0.000991366	1293731.	0.931818	0.990166	0.976626	0.893036	0.921402
683.438.280.735.998	0.362693	0.000988062	1294018.	0.932002	0.990562	0.97664	0.888306	0.916448
684.438.280.735.998	0.362555	0.000984771	1294305.	0.932186	0.990956	0.976654	0.883603	0.911523
685.438.280.735.998	0.362418	0.000981494	1294591.	0.932369	0.991349	0.976669	0.878926	0.906627
686.438.280.735.998	0.362281	0.000978229	1294875.	0.932552	0.991741	0.976683	0.874276	0.901759
687.438.280.735.998	0.362145	0.000974977	1295159.	0.932734	0.992131	0.976697	0.869652	0.896919
688.438.280.735.998	0.362009	0.000971737	1295442.	0.932916	0.992521	0.976711	0.865055	0.892108
689.438.280.735.998	0.361874	0.000968511	1295724.	0.933097	0.992909	0.976725	0.860483	0.887324
690.438.280.735.998	0.361739	0.000965297	1296004.	0.933277	0.993297	0.976739	0.855938	0.882567
691.438.280.735.998	0.361605	0.000962095	1296284.	0.933458	0.993683	0.976753	0.851418	0.877838
692.438.280.735.998	0.361471	0.000958906	1296563.	0.933637	0.994068	0.976767	0.846924	0.873136
693.438.280.735.998	0.361337	0.00095573	1296842.	0.933817	0.994452	0.976781	0.842455	0.868461
694.438.280.735.998	0.361204	0.000952566	1297119.	0.933995	0.994834	0.976795	0.838011	0.863814
695.438.280.735.998	0.361071	0.000949415	1297395.	0.934174	0.995216	0.976809	0.833593	0.859192
696.438.280.735.998	0.360939	0.000946275	1297670.	0.934351	0.995597	0.976823	0.829199	0.854598
697.438.280.735.998	0.360807	0.000943148	1297945.	0.934529	0.995976	0.976836	0.82483	0.85003
698.438.280.735.998	0.360676	0.000940033	1298218.	0.934705	0.996354	0.97685	0.820486	0.845488
699.438.280.735.998	0.360545	0.000936931	1298491.	0.934882	0.996731	0.976864	0.816166	0.840972
700.438.280.735.998	0.360414	0.00093384	1298763.	0.935057	0.997107	0.976877	0.811871	0.836482
701.438.280.735.998	0.360284	0.000930761	1299034.	0.935233	0.997482	0.976891	0.8076	0.832018
702.438.280.735.998	0.360154	0.000927694	1299304.	0.935407	0.997856	0.976904	0.803352	0.827579
703.438.280.735.998	0.360025	0.00092464	1299573.	0.935582	0.998229	0.976918	0.799129	0.823166
704.438.280.735.998	0.359896	0.000921596	1299841.	0.935756	0.9986	0.976931	0.794929	0.818778
705.438.280.735.998	0.359768	0.000918565	1300108.	0.935929	0.998971	0.976944	0.790753	0.814415
706.438.280.735.998	0.35964	0.000915546	1300375.	0.936102	0.99934	0.976958	0.786601	0.810077
707.438.280.735.998	0.359512	0.000912538	1300640.	0.936274	0.999709	0.976971	0.782471	0.805764
708.438.280.735.998	0.359385	0.000909541	1300905.	0.936446	100.008	0.976984	0.778365	0.801476
709.438.280.735.998	0.359258	0.000906557	1301169.	0.936618	100.044	0.976997	0.774282	0.797212
710.438.280.735.998	0.359132	0.000903583	1301431.	0.936789	100.081	0.977011	0.770222	0.792972
711.438.280.735.998	0.359006	0.000900621	1301694.	0.936959	100.117	0.977024	0.766184	0.788756
712.438.280.735.998	0.358881	0.000897671	1301955.	0.937129	100.153	0.977037	0.762169	0.784565
713.438.280.735.998	0.358756	0.000894732	1302215.	0.937299	10.019	0.97705	0.758177	0.780397
714.438.280.735.998	0.358631	0.000891804	1302475.	0.937468	100.226	0.977063	0.754206	0.776253
715.438.280.735.998	0.358507	0.000888887	1302733.	0.937637	100.262	0.977076	0.750258	0.772133
716.438.280.735.998	0.358383	0.000885982	1302991.	0.937805	100.298	0.977088	0.746332	0.768036
717.438.280.735.998	0.358259	0.000883088	1303248.	0.937973	100.333	0.977101	0.742428	0.763962
718.438.280.735.998	0.358136	0.000880204	1303504.	0.93814	100.369	0.977114	0.738546	0.759912
719.438.280.735.998	0.358014	0.000877332	1303759.	0.938307	100.405	0.977127	0.734685	0.755884
720.438.280.735.998	0.357891	0.000874471	1304014.	0.938473	10.044	0.97714	0.730846	0.75188
721.438.280.735.998	0.357769	0.00087162	1304268.	0.938639	100.475	0.977152	0.727028	0.747898
722.438.280.735.998	0.357648	0.000868781	1304520.	0.938805	100.511	0.977165	0.723232	0.743938
723.438.280.735.998	0.357527	0.000865952	1304772.	0.93897	100.546	0.977177	0.719456	0.740001
724.438.280.735.998	0.357406	0.000863134	1305024.	0.939134	100.581	0.97719	0.715702	0.736087
725.438.280.735.998	0.357286	0.000860327	1305274.	0.939298	100.616	0.977202	0.711969	0.732194
726.438.280.735.998	0.357166	0.00085753	1305523.	0.939462	100.651	0.977215	0.708256	0.728323
727.438.280.735.998	0.357046	0.000854744	1305772.	0.939625	100.685	0.977227	0.704563	0.724475
728.438.280.735.998	0.356927	0.000851969	1306020.	0.939788	10.072	0.97724	0.700892	0.720648
729.438.280.735.998	0.356809	0.000849204	1306267.	0.93995	100.755	0.977252	0.69724	0.716842
730.438.280.735.998	0.35669	0.00084645	1306513.	0.940112	100.789	0.977264	0.693609	0.713059
731.438.280.735.998	0.356572	0.000843706	1306759.	0.940273	100.823	0.977277	0.689998	0.709296
732.438.280.735.998	0.356455	0.000840972	1307004.	0.940434	100.858	0.977289	0.686407	0.705555
733.438.280.735.998	0.356337	0.000838249	1307248.	0.940595	100.892	0.977301	0.682836	0.701835
734.438.280.735.998	0.356221	0.000835536	1307491.	0.940755	100.926	0.977313	0.679285	0.698135
735.438.280.735.998	0.356104	0.000832833	1307733.	0.940915	10.096	0.977325	0.675753	0.694457
736.438.280.735.998	0.355988	0.00083014	1307975.	0.941074	100.993	0.977337	0.672241	0.690799
737.438.280.735.998	0.355872	0.000827458	1308215.	0.941233	101.027	0.977349	0.668748	0.687162
738.438.280.735.998	0.355757	0.000824785	1308455.	0.941391	101.061	0.977361	0.665275	0.683545
