t	Ns	Ni	Dead_pi_0.0062	InterpolatingFunction[{{1, 2}}, {5, 3, 0, {2}, {2}, 0, 0, 0, 0, Automatic, {}, {}, False}, {{1, 2}}, {{Take[Table[], 231]}, {Transpose[Take[Table[], 231]][[5]]}}, {Automatic}]	LogRS	Rt	DiscHealthCost	DiscTotalCost
0.	0.999922	0.0000527028	51.0309	0.614904	0.158822	1.17204	0.182435	12.6289
1.	0.999913	0.0000540096	66.5311	0.6146	0.157836	1.17087	0.18659	12.6318
2.	0.999904	0.0000553397	82.4143	0.614298	0.156852	1.16971	0.190808	12.6346
3.	0.999895	0.000056693	98.6873	0.613996	0.15587	1.16855	0.195089	12.6374
4.	0.999885	0.0000580699	115.357	0.613696	0.15489	1.16739	0.199433	12.6402
5.	0.999875	0.0000594704	132.43	0.613395	0.153911	1.16624	0.203841	12.6431
6.	0.999865	0.0000608946	149.913	0.613096	0.152935	1.16509	0.208311	12.6459
7.	0.999855	0.0000623428	167.814	0.612797	0.15196	1.16395	0.212845	12.6486
8.	0.999845	0.0000638149	186.138	0.6125	0.150988	1.1628	0.217441	12.6514
9.	0.999834	0.0000653112	204.894	0.612203	0.150018	1.16166	0.222101	12.6542
10.	0.999823	0.0000668316	224.088	0.611906	0.14905	1.16053	0.226824	12.6569
11.	0.999812	0.0000683764	243.728	0.611611	0.148085	1.15939	0.231609	12.6597
12.	0.9998	0.0000699456	263.819	0.611316	0.147121	1.15826	0.236458	12.6624
13.	0.999789	0.0000715392	284.37	0.611023	0.14616	1.15714	0.241368	12.6651
14.	0.999777	0.0000731574	305.388	0.61073	0.145201	1.15601	0.246342	12.6677
15.	0.999764	0.0000748003	326.879	0.610438	0.144245	1.15489	0.251377	12.6704
16.	0.999752	0.0000764678	348.852	0.610147	0.143291	1.15378	0.256475	12.673
17.	0.999739	0.00007816	371.312	0.609857	0.142339	1.15267	0.261634	12.6757
18.	0.999726	0.0000798771	394.267	0.609567	0.14139	1.15156	0.266855	12.6783
19.	0.999713	0.0000816189	417.725	0.609279	0.140443	1.15045	0.272137	12.6808
20.	0.999699	0.0000833856	441.693	0.608991	0.139499	1.14935	0.277479	12.6834
21.	0.999686	0.0000851772	466.177	0.608705	0.138558	1.14826	0.282882	12.6859
22.	0.999671	0.0000869936	491.185	0.608419	0.137619	1.14716	0.288346	12.6884
23.	0.999657	0.0000888349	516.725	0.608134	0.136683	1.14607	0.293869	12.6909
24.	0.999642	0.0000907011	542.803	0.607851	0.13575	1.14499	0.299451	12.6934
25.	0.999627	0.0000925921	569.427	0.607568	0.134819	1.1439	0.305092	12.6958
26.	0.999612	0.000094508	596.604	0.607286	0.133891	1.14283	0.310791	12.6982
27.	0.999597	0.0000964487	624.342	0.607005	0.132966	1.14175	0.316548	12.7005
28.	0.999581	0.0000984142	652.646	0.606725	0.132044	1.14068	0.322362	12.7029
29.	0.999564	0.000100404	681.525	0.606447	0.131125	1.13961	0.328233	12.7051
30.	0.999548	0.000102419	710.986	0.606169	0.130209	1.13855	0.33416	12.7074
31.	0.999531	0.000104459	741.036	0.605892	0.129296	1.13749	0.340142	12.7096
32.	0.999514	0.000106523	771.682	0.605616	0.128385	1.13644	0.34618	12.7118
33.	0.999497	0.000108611	802.932	0.605342	0.127478	1.13539	0.352271	12.714
34.	0.999479	0.000110724	834.791	0.605068	0.126574	1.13434	0.358416	12.7161
35.	0.999461	0.000112861	867.268	0.604796	0.125673	1.1333	0.364614	12.7181
36.	0.999442	0.000115022	900.369	0.604524	0.124776	1.13226	0.370864	12.7202
37.	0.999423	0.000117208	934.101	0.604254	0.123881	1.13123	0.377166	12.7221
38.	0.999404	0.000119417	968.472	0.603985	0.12299	1.1302	0.383517	12.7241
39.	0.999385	0.00012165	1003.49	0.603717	0.122102	1.12917	0.389919	12.726
40.	0.999365	0.000123907	1039.16	0.60345	0.121217	1.12815	0.39637	12.7278
41.	0.999345	0.000126187	1075.48	0.603184	0.120336	1.12714	0.402868	12.7296
42.	0.999324	0.00012849	1112.48	0.602919	0.119458	1.12612	0.409414	12.7314
43.	0.999304	0.000130817	1150.14	0.602656	0.118583	1.12512	0.416006	12.7331
44.	0.999282	0.000133167	1188.49	0.602393	0.117712	1.12411	0.422644	12.7347
45.	0.999261	0.000135539	1227.52	0.602132	0.116845	1.12311	0.429326	12.7363
46.	0.999239	0.000137934	1267.24	0.601872	0.11598	1.12212	0.436051	12.7378
47.	0.999217	0.000140352	1307.66	0.601613	0.11512	1.12113	0.442819	12.7393
48.	0.999194	0.000142791	1348.79	0.601355	0.114263	1.12014	0.449629	12.7407
49.	0.999171	0.000145253	1390.63	0.601099	0.11341	1.11916	0.456479	12.7421
50.	0.999148	0.000147737	1433.19	0.600843	0.11256	1.11819	0.463369	12.7434
51.	0.999124	0.000150242	1476.47	0.600589	0.111714	1.11721	0.470298	12.7446
52.	0.9991	0.000152768	1520.49	0.600336	0.110872	1.11625	0.477264	12.7458
53.	0.999075	0.000155316	1565.24	0.600085	0.110033	1.11528	0.484266	12.7469
54.	0.99905	0.000157884	1610.73	0.599834	0.109199	1.11432	0.491303	12.748
55.	0.999025	0.000160473	1656.98	0.599585	0.108368	1.11337	0.498375	12.749
56.	0.998999	0.000163082	1703.97	0.599337	0.107541	1.11242	0.50548	12.7499
57.	0.998973	0.000165711	1751.73	0.599091	0.106717	1.11148	0.512617	12.7507
58.	0.998946	0.00016836	1800.26	0.598845	0.105898	1.11054	0.519784	12.7515
59.	0.998919	0.000171028	1849.56	0.598601	0.105083	1.1096	0.526982	12.7522
60.	0.998892	0.000173715	1899.63	0.598358	0.104271	1.10867	0.534207	12.7528
61.	0.998864	0.000176421	1950.49	0.598117	0.103464	1.10775	0.54146	12.7533
62.	0.998836	0.000179146	2002.14	0.597877	0.10266	1.10683	0.548739	12.7538
63.	0.998808	0.000181889	2054.58	0.597638	0.101861	1.10591	0.556043	12.7542
64.	0.998779	0.00018465	2107.82	0.5974	0.101065	1.105	0.563371	12.7545
65.	0.998749	0.000187428	2161.87	0.597164	0.100274	1.10409	0.570721	12.7547
66.	0.99872	0.000190224	2216.73	0.596929	0.0994865	1.10319	0.578092	12.7548
67.	0.99869	0.000193037	2272.4	0.596695	0.0987034	1.10229	0.585484	12.7549
68.	0.998659	0.000195866	2328.89	0.596463	0.0979244	1.1014	0.592894	12.7549
69.	0.998628	0.000198711	2386.2	0.596231	0.0971496	1.10051	0.600321	12.7548
70.	0.998596	0.000201572	2444.35	0.596002	0.0963789	1.09963	0.607765	12.7546
71.	0.998565	0.000204449	2503.32	0.595773	0.0956124	1.09875	0.615224	12.7543
72.	0.998532	0.000207341	2563.14	0.595546	0.0948502	1.09788	0.622696	12.7539
73.	0.9985	0.000210247	2623.8	0.595321	0.0940922	1.09701	0.630181	12.7534
74.	0.998466	0.000213168	2685.3	0.595096	0.0933385	1.09615	0.637676	12.7528
75.	0.998433	0.000216103	2747.65	0.594873	0.092589	1.09529	0.645182	12.7522
76.	0.998399	0.000219052	2810.86	0.594652	0.0918439	1.09444	0.652697	12.7514
77.	0.998364	0.000222013	2874.93	0.594432	0.0911032	1.09359	0.660218	12.7506
78.	0.998329	0.000224988	2939.86	0.594213	0.0903667	1.09275	0.667746	12.7496
79.	0.998294	0.000227975	3005.66	0.593995	0.0896346	1.09191	0.675278	12.7486
80.	0.998258	0.000230975	3072.32	0.593779	0.0889069	1.09108	0.682814	12.7474
81.	0.998222	0.000233985	3139.86	0.593565	0.0881836	1.09025	0.690351	12.7461
82.	0.998185	0.000237008	3208.28	0.593351	0.0874647	1.08942	0.69789	12.7448
83.	0.998148	0.000240041	3277.57	0.593139	0.0867501	1.0886	0.705428	12.7433
84.	0.998111	0.000243084	3347.75	0.592929	0.0860401	1.08779	0.712965	12.7418
85.	0.998073	0.000246138	3418.81	0.59272	0.0853345	1.08698	0.720499	12.7401
86.	0.998034	0.000249201	3490.76	0.592512	0.0846334	1.08618	0.728028	12.7383
87.	0.997995	0.000252274	3563.6	0.592306	0.0839367	1.08538	0.735552	12.7364
88.	0.997956	0.000255355	3637.34	0.592101	0.0832444	1.08459	0.743069	12.7344
89.	0.997916	0.000258445	3711.97	0.591897	0.0825568	1.0838	0.750578	12.7323
90.	0.997876	0.000261543	3787.5	0.591695	0.0818736	1.08301	0.758078	12.7301
91.	0.997835	0.000264648	3863.94	0.591494	0.0811949	1.08223	0.765567	12.7277
92.	0.997794	0.000267761	3941.27	0.591295	0.0805208	1.08146	0.773044	12.7253
93.	0.997753	0.00027088	4019.51	0.591097	0.0798512	1.08069	0.780509	12.7227
94.	0.997711	0.000274005	4098.66	0.5909	0.0791861	1.07993	0.787959	12.7201
95.	0.997668	0.000277137	4178.72	0.590705	0.0785256	1.07917	0.795394	12.7173
96.	0.997625	0.000280274	4259.69	0.590511	0.0778697	1.07841	0.802812	12.7143
97.	0.997582	0.000283416	4341.57	0.590319	0.0772183	1.07767	0.810213	12.7113
98.	0.997538	0.000286563	4424.36	0.590128	0.0765715	1.07692	0.817594	12.7082
99.	0.997493	0.000289714	4508.07	0.589939	0.0759293	1.07618	0.824955	12.7049
100.	0.997449	0.000292869	4592.69	0.589751	0.0752916	1.07545	0.832295	12.7015
101.	0.997404	0.000296027	4678.24	0.589564	0.0746585	1.07472	0.839613	12.698
102.	0.997358	0.000299188	4764.69	0.589379	0.0740301	1.07399	0.846907	12.6944
103.	0.997312	0.000302352	4852.07	0.589195	0.0734062	1.07327	0.854176	12.6906
104.	0.997265	0.000305518	4940.37	0.589013	0.0727869	1.07256	0.861419	12.6867
105.	0.997218	0.000308686	5029.59	0.588832	0.0721722	1.07185	0.868635	12.6827
106.	0.997171	0.000311855	5119.73	0.588652	0.0715621	1.07115	0.875824	12.6786
107.	0.997123	0.000315025	5210.78	0.588474	0.0709567	1.07045	0.882983	12.6743
108.	0.997074	0.000318195	5302.76	0.588297	0.0703558	1.06975	0.890112	12.6699
109.	0.997025	0.000321366	5395.66	0.588122	0.0697595	1.06906	0.89721	12.6654
110.	0.996976	0.000324536	5489.49	0.587948	0.0691678	1.06838	0.904275	12.6608
111.	0.996926	0.000327706	5584.23	0.587775	0.0685808	1.0677	0.911307	12.656
112.	0.996876	0.000330874	5679.89	0.587604	0.0679983	1.06702	0.918306	12.6511
113.	0.996825	0.000334042	5776.48	0.587434	0.0674204	1.06635	0.925268	12.6461
114.	0.996774	0.000337207	5873.98	0.587266	0.0668472	1.06568	0.932195	12.641
115.	0.996723	0.00034037	5972.4	0.587099	0.0662785	1.06502	0.939085	12.6357
116.	0.996671	0.00034353	6071.74	0.586933	0.0657144	1.06437	0.945936	12.6303
117.	0.996618	0.000346687	6172.	0.586769	0.0651549	1.06371	0.952749	12.6248
118.	0.996565	0.000349841	6273.18	0.586606	0.0646	1.06307	0.959521	12.6191
119.	0.996512	0.000352991	6375.27	0.586445	0.0640496	1.06243	0.966253	12.6133
120.	0.996458	0.000356137	6478.28	0.586285	0.0635039	1.06179	0.972943	12.6074
121.	0.996404	0.000359278	6582.2	0.586126	0.0629627	1.06116	0.979591	12.6013
122.	0.996349	0.000362415	6687.03	0.585969	0.062426	1.06053	0.986195	12.5951
123.	0.996294	0.000365546	6792.77	0.585813	0.0618939	1.05991	0.992755	12.5888
124.	0.996239	0.000368671	6899.42	0.585659	0.0613664	1.05929	0.99927	12.5823
125.	0.996183	0.000371791	7006.98	0.585506	0.0608434	1.05868	1.00574	12.5757
126.	0.996126	0.000374904	7115.44	0.585354	0.0603248	1.05807	1.01216	12.569
127.	0.996069	0.000378011	7224.81	0.585204	0.0598109	1.05746	1.01854	12.5622
128.	0.996012	0.00038111	7335.07	0.585054	0.0593015	1.05686	1.02487	12.5552
129.	0.995954	0.000384202	7446.24	0.584907	0.0587965	1.05627	1.03115	12.5481
130.	0.995896	0.000387287	7558.31	0.58476	0.058296	1.05568	1.03738	12.5408
131.	0.995837	0.000390363	7671.27	0.584615	0.0578001	1.05509	1.04356	12.5334
132.	0.995778	0.000393431	7785.12	0.584472	0.0573086	1.05451	1.04968	12.5259
133.	0.995719	0.000396491	7899.86	0.584329	0.0568216	1.05394	1.05576	12.5183
134.	0.995659	0.000399541	8015.49	0.584189	0.056339	1.05336	1.06179	12.5105
135.	0.995599	0.000402582	8132.	0.584049	0.0558608	1.0528	1.06776	12.5026
136.	0.995538	0.000405614	8249.4	0.583911	0.0553871	1.05223	1.07368	12.4945
137.	0.995477	0.000408635	8367.68	0.583774	0.0549178	1.05168	1.07955	12.4863
138.	0.995415	0.000411647	8486.83	0.583638	0.0544529	1.05112	1.08536	12.478
139.	0.995353	0.000414648	8606.85	0.583503	0.0539924	1.05057	1.09112	12.4696
140.	0.995291	0.000417638	8727.75	0.58337	0.0535363	1.05003	1.09682	12.461
141.	0.995228	0.000420617	8849.51	0.583239	0.0530845	1.04949	1.10247	12.4523
142.	0.995164	0.000423585	8972.14	0.583108	0.0526371	1.04895	1.10806	12.4435
143.	0.995101	0.000426541	9095.63	0.582979	0.052194	1.04842	1.1136	12.4345
144.	0.995037	0.000429486	9219.97	0.582851	0.0517552	1.04789	1.11907	12.4254
145.	0.994972	0.000432418	9345.17	0.582725	0.0513208	1.04737	1.12449	12.4162
146.	0.994907	0.000435338	9471.22	0.582599	0.0508906	1.04685	1.12986	12.4069
147.	0.994842	0.000438245	9598.11	0.582475	0.0504647	1.04633	1.13516	12.3974
148.	0.994776	0.000441139	9725.85	0.582352	0.0500431	1.04582	1.1404	12.3878
149.	0.99471	0.000444021	9854.42	0.582231	0.0496257	1.04532	1.14559	12.378
150.	0.994644	0.000446889	9983.83	0.582111	0.0492125	1.04482	1.15072	12.3682
151.	0.994577	0.000449743	10114.1	0.581992	0.0488036	1.04432	1.15579	12.3582
152.	0.994509	0.000452584	10245.1	0.581874	0.0483988	1.04383	1.16079	12.348
153.	0.994442	0.00045541	10377.	0.581757	0.0479982	1.04334	1.16574	12.3378
154.	0.994374	0.000458222	10509.8	0.581642	0.0476018	1.04285	1.17063	12.3274
155.	0.994305	0.00046102	10643.3	0.581528	0.0472095	1.04237	1.17546	12.3169
156.	0.994236	0.000463804	10777.6	0.581415	0.0468213	1.04189	1.18022	12.3063
157.	0.994167	0.000466572	10912.8	0.581303	0.0464373	1.04142	1.18493	12.2956
158.	0.994098	0.000469325	11048.7	0.581193	0.0460573	1.04095	1.18957	12.2847
159.	0.994028	0.000472063	11185.5	0.581084	0.0456814	1.04049	1.19415	12.2737
160.	0.993957	0.000474786	11323.	0.580976	0.0453095	1.04003	1.19867	12.2626
161.	0.993887	0.000477493	11461.3	0.580869	0.0449417	1.03957	1.20313	12.2513
162.	0.993815	0.000480185	11600.4	0.580763	0.0445779	1.03912	1.20753	12.24
163.	0.993744	0.00048286	11740.3	0.580659	0.044218	1.03867	1.21187	12.2285
164.	0.993672	0.00048552	11881.	0.580555	0.0438622	1.03823	1.21614	12.2169
165.	0.9936	0.000488163	12022.4	0.580453	0.0435103	1.03779	1.22035	12.2052
166.	0.993527	0.00049079	12164.6	0.580352	0.0431623	1.03735	1.2245	12.1934
167.	0.993454	0.000493401	12307.6	0.580252	0.0428182	1.03692	1.22859	12.1814
168.	0.993381	0.000495994	12451.3	0.580154	0.0424781	1.03649	1.23261	12.1693
169.	0.993308	0.000498571	12595.8	0.580056	0.0421418	1.03606	1.23657	12.1571
170.	0.993234	0.000501131	12741.	0.57996	0.0418093	1.03564	1.24047	12.1448
171.	0.993159	0.000503674	12886.9	0.579865	0.0414807	1.03522	1.24431	12.1324
172.	0.993085	0.0005062	13033.6	0.57977	0.0411559	1.03481	1.24809	12.1199
173.	0.99301	0.000508708	13181.	0.579677	0.0408349	1.0344	1.2518	12.1073
174.	0.992934	0.0005112	13329.2	0.579585	0.0405176	1.03399	1.25545	12.0945
175.	0.992859	0.000513673	13478.1	0.579495	0.0402041	1.03359	1.25904	12.0816
176.	0.992783	0.000516129	13627.6	0.579405	0.0398943	1.03319	1.26257	12.0687
177.	0.992706	0.000518567	13777.9	0.579316	0.0395883	1.03279	1.26603	12.0556
178.	0.99263	0.000520988	13929.	0.579229	0.0392859	1.0324	1.26943	12.0424
179.	0.992553	0.000523391	14080.7	0.579142	0.0389871	1.03201	1.27277	12.0291
180.	0.992475	0.000525775	14233.1	0.579057	0.038692	1.03163	1.27605	12.0157
181.	0.992398	0.000528142	14386.1	0.578972	0.0384006	1.03125	1.27927	12.0021
182.	0.99232	0.00053049	14539.9	0.578889	0.0381127	1.03087	1.28243	11.9885
183.	0.992241	0.000532821	14694.4	0.578807	0.0378283	1.0305	1.28552	11.9748
184.	0.992163	0.000535133	14849.5	0.578725	0.0375476	1.03012	1.28856	11.961
185.	0.992084	0.000537427	15005.3	0.578645	0.0372704	1.02976	1.29153	11.947
186.	0.992005	0.000539702	15161.8	0.578566	0.0369966	1.02939	1.29444	11.933
187.	0.991925	0.000541959	15318.9	0.578488	0.0367264	1.02903	1.29729	11.9189
188.	0.991845	0.000544197	15476.7	0.578411	0.0364596	1.02867	1.30009	11.9046
189.	0.991765	0.000546417	15635.1	0.578334	0.0361963	1.02832	1.30282	11.8903
190.	0.991685	0.000548619	15794.1	0.578259	0.0359364	1.02797	1.30549	11.8759
191.	0.991604	0.000550802	15953.8	0.578185	0.0356799	1.02762	1.3081	11.8614
192.	0.991523	0.000552966	16114.2	0.578112	0.0354267	1.02728	1.31065	11.8467
193.	0.991442	0.000555112	16275.1	0.57804	0.0351769	1.02694	1.31314	11.832
194.	0.99136	0.000557238	16436.7	0.577969	0.0349305	1.0266	1.31558	11.8172
195.	0.991278	0.000559347	16598.9	0.577898	0.0346873	1.02627	1.31795	11.8023
196.	0.991196	0.000561436	16761.7	0.577829	0.0344474	1.02594	1.32027	11.7873
197.	0.991114	0.000563507	16925.1	0.577761	0.0342108	1.02561	1.32253	11.7722
198.	0.991031	0.000565559	17089.1	0.577693	0.0339774	1.02528	1.32473	11.7571
199.	0.990948	0.000567592	17253.7	0.577627	0.0337473	1.02496	1.32687	11.7418
200.	0.990865	0.000569607	17418.9	0.577561	0.0335203	1.02464	1.32896	11.7264
201.	0.990781	0.000571603	17584.7	0.577497	0.0332965	1.02433	1.33098	11.711
202.	0.990698	0.00057358	17751.	0.577433	0.0330759	1.02401	1.33296	11.6955
203.	0.990614	0.000575538	17917.9	0.57737	0.0328583	1.0237	1.33487	11.6799
204.	0.990529	0.000577478	18085.4	0.577308	0.0326439	1.0234	1.33673	11.6642
205.	0.990445	0.000579398	18253.5	0.577247	0.0324326	1.02309	1.33853	11.6484
206.	0.99036	0.000581301	18422.1	0.577187	0.0322243	1.02279	1.34028	11.6326
207.	0.990275	0.000583184	18591.2	0.577128	0.0320191	1.0225	1.34197	11.6166
208.	0.990189	0.000585049	18760.9	0.577069	0.0318168	1.0222	1.34361	11.6006
209.	0.990104	0.000586895	18931.1	0.577012	0.0316176	1.02191	1.3452	11.5845
210.	0.990018	0.000588723	19101.9	0.576955	0.0314213	1.02162	1.34673	11.5683
211.	0.989932	0.000590532	19273.2	0.5769	0.031228	1.02133	1.3482	11.5521
212.	0.989846	0.000592322	19445.	0.576845	0.0310376	1.02105	1.34962	11.5358
213.	0.989759	0.000594094	19617.3	0.576791	0.0308501	1.02077	1.35099	11.5194
214.	0.989673	0.000595848	19790.2	0.576737	0.0306655	1.02049	1.35231	11.5029
215.	0.989586	0.000597583	19963.5	0.576685	0.0304837	1.02022	1.35358	11.4864
216.	0.989498	0.000599299	20137.4	0.576633	0.0303048	1.01994	1.35479	11.4697
217.	0.989411	0.000600998	20311.8	0.576583	0.0301287	1.01967	1.35595	11.4531
218.	0.989323	0.000602678	20486.6	0.576533	0.0299554	1.01941	1.35706	11.4363
219.	0.989235	0.000604339	20661.9	0.576483	0.0297848	1.01914	1.35812	11.4195
220.	0.989147	0.000605983	20837.7	0.576435	0.029617	1.01888	1.35913	11.4026
221.	0.989059	0.000607608	21014.	0.576388	0.0294519	1.01862	1.36009	11.3856
222.	0.98897	0.000609216	21190.8	0.576341	0.0292896	1.01837	1.361	11.3686
223.	0.988882	0.000610805	21368.	0.576295	0.0291299	1.01811	1.36186	11.3515
224.	0.988793	0.000612376	21545.7	0.576249	0.0289728	1.01786	1.36268	11.3344
225.	0.988704	0.00061393	21723.8	0.576205	0.0288184	1.01761	1.36344	11.3171
226.	0.988614	0.000615466	21902.4	0.576161	0.0286667	1.01736	1.36416	11.2999
227.	0.988525	0.000616984	22081.4	0.576118	0.0285175	1.01712	1.36483	11.2825
228.	0.988435	0.000618484	22260.9	0.576076	0.0283709	1.01688	1.36545	11.2651
229.	0.988345	0.000619966	22440.8	0.576035	0.0282268	1.01664	1.36603	11.2477
230.	0.988255	0.000621431	22621.1	0.575994	0.0280853	1.0164	1.36656	11.2302
231.	0.988165	0.000622879	22801.8	0.575954	0.0279463	1.01617	1.36704	11.2126
232.	0.988074	0.000624309	22983.	0.575914	0.0278098	1.01594	1.36748	11.195
233.	0.987983	0.000625722	23164.6	0.575876	0.0276757	1.01571	1.36787	11.1773
234.	0.987892	0.000627117	23346.5	0.575838	0.0275441	1.01548	1.36822	11.1596
235.	0.987801	0.000628496	23528.9	0.575801	0.0274149	1.01526	1.36853	11.1418
236.	0.98771	0.000629857	23711.7	0.575764	0.0272882	1.01503	1.36879	11.124
237.	0.987619	0.000631201	23894.9	0.575728	0.0271638	1.01481	1.36901	11.1061
238.	0.987527	0.000632529	24078.5	0.575693	0.0270417	1.0146	1.36918	11.0882
239.	0.987435	0.000633839	24262.4	0.575659	0.0269221	1.01438	1.36931	11.0702
240.	0.987343	0.000635133	24446.7	0.575625	0.0268047	1.01417	1.36941	11.0521
241.	0.987251	0.00063641	24631.4	0.575592	0.0266897	1.01396	1.36946	11.0341
242.	0.987159	0.00063767	24816.5	0.57556	0.0265769	1.01375	1.36946	11.0159
243.	0.987067	0.000638914	25001.9	0.575528	0.0264664	1.01354	1.36943	10.9978
244.	0.986974	0.000640142	25187.7	0.575497	0.0263581	1.01333	1.36936	10.9796
245.	0.986881	0.000641353	25373.9	0.575466	0.0262521	1.01313	1.36925	10.9613
246.	0.986788	0.000642548	25560.4	0.575436	0.0261483	1.01293	1.36909	10.943
247.	0.986695	0.000643727	25747.2	0.575407	0.0260466	1.01273	1.3689	10.9247
248.	0.986602	0.00064489	25934.4	0.575378	0.0259472	1.01254	1.36867	10.9063
249.	0.986509	0.000646037	26121.9	0.57535	0.0258498	1.01234	1.36841	10.8879
250.	0.986415	0.000647169	26309.8	0.575323	0.0257546	1.01215	1.3681	10.8694
251.	0.986322	0.000648284	26497.9	0.575296	0.0256615	1.01196	1.36776	10.8509
252.	0.986228	0.000649384	26686.4	0.57527	0.0255705	1.01177	1.36738	10.8324
253.	0.986134	0.000650468	26875.2	0.575244	0.0254816	1.01159	1.36696	10.8138
254.	0.98604	0.000651537	27064.4	0.575219	0.0253947	1.0114	1.36651	10.7952
255.	0.985946	0.00065259	27253.8	0.575195	0.0253098	1.01122	1.36602	10.7766
256.	0.985851	0.000653629	27443.5	0.575171	0.025227	1.01104	1.3655	10.7579
257.	0.985757	0.000654652	27633.6	0.575148	0.0251461	1.01086	1.36494	10.7392
258.	0.985662	0.00065566	27823.9	0.575125	0.0250672	1.01068	1.36435	10.7205
259.	0.985568	0.000656653	28014.5	0.575103	0.0249903	1.01051	1.36372	10.7018
260.	0.985473	0.000657631	28205.4	0.575082	0.0249153	1.01033	1.36306	10.683
261.	0.985378	0.000658595	28396.6	0.575061	0.0248423	1.01016	1.36237	10.6641
262.	0.985283	0.000659544	28588.1	0.57504	0.0247711	1.00999	1.36165	10.6453
263.	0.985187	0.000660478	28779.9	0.57502	0.0247018	1.00983	1.36089	10.6264
264.	0.985092	0.000661398	28971.9	0.575001	0.0246344	1.00966	1.3601	10.6075
265.	0.984997	0.000662304	29164.1	0.574982	0.0245689	1.0095	1.35928	10.5886
266.	0.984901	0.000663195	29356.7	0.574964	0.0245052	1.00933	1.35842	10.5696
267.	0.984805	0.000664072	29549.5	0.574946	0.0244432	1.00917	1.35754	10.5506
268.	0.98471	0.000664936	29742.5	0.574929	0.0243831	1.00901	1.35663	10.5316
269.	0.984614	0.000665785	29935.8	0.574912	0.0243248	1.00886	1.35568	10.5126
270.	0.984518	0.000666621	30129.4	0.574896	0.0242682	1.0087	1.35471	10.4936
271.	0.984421	0.000667443	30323.1	0.57488	0.0242134	1.00855	1.35371	10.4745
272.	0.984325	0.000668251	30517.2	0.574865	0.0241603	1.0084	1.35267	10.4554
273.	0.984229	0.000669046	30711.4	0.57485	0.0241089	1.00825	1.35161	10.4363
274.	0.984133	0.000669827	30905.9	0.574835	0.0240592	1.0081	1.35053	10.4172
275.	0.984036	0.000670595	31100.6	0.574822	0.0240112	1.00795	1.34941	10.398
276.	0.983939	0.00067135	31295.5	0.574808	0.0239649	1.0078	1.34827	10.3789
277.	0.983843	0.000672092	31490.7	0.574795	0.0239202	1.00766	1.3471	10.3597
278.	0.983746	0.000672821	31686.	0.574783	0.0238771	1.00752	1.3459	10.3405
279.	0.983649	0.000673538	31881.6	0.574771	0.0238357	1.00738	1.34468	10.3213
280.	0.983552	0.000674241	32077.4	0.57476	0.0237958	1.00724	1.34343	10.3021
281.	0.983455	0.000674932	32273.4	0.574749	0.0237576	1.0071	1.34216	10.2828
282.	0.983358	0.00067561	32469.5	0.574738	0.0237209	1.00696	1.34086	10.2636
283.	0.983261	0.000676276	32665.9	0.574728	0.0236857	1.00683	1.33953	10.2443
284.	0.983163	0.000676929	32862.5	0.574718	0.0236521	1.00669	1.33819	10.225
285.	0.983066	0.000677571	33059.2	0.574709	0.02362	1.00656	1.33681	10.2058
286.	0.982968	0.0006782	33256.2	0.5747	0.0235894	1.00643	1.33542	10.1865
287.	0.982871	0.000678817	33453.3	0.574692	0.0235603	1.0063	1.334	10.1672
288.	0.982773	0.000679422	33650.6	0.574684	0.0235327	1.00617	1.33256	10.1478
289.	0.982676	0.000680016	33848.	0.574677	0.0235065	1.00605	1.33109	10.1285
290.	0.982578	0.000680597	34045.7	0.57467	0.0234818	1.00592	1.32961	10.1092
291.	0.98248	0.000681168	34243.5	0.574663	0.0234585	1.0058	1.3281	10.0898
292.	0.982382	0.000681726	34441.4	0.574657	0.0234367	1.00568	1.32657	10.0705
293.	0.982284	0.000682274	34639.6	0.574651	0.0234162	1.00556	1.32502	10.0511
294.	0.982186	0.00068281	34837.9	0.574645	0.0233971	1.00544	1.32344	10.0318
295.	0.982088	0.000683334	35036.3	0.57464	0.0233794	1.00532	1.32185	10.0124
296.	0.98199	0.000683848	35234.9	0.574635	0.0233631	1.0052	1.32024	9.99306
297.	0.981892	0.000684351	35433.6	0.574631	0.0233481	1.00509	1.31861	9.97369
298.	0.981793	0.000684843	35632.5	0.574627	0.0233344	1.00497	1.31695	9.95432
299.	0.981695	0.000685324	35831.6	0.574624	0.023322	1.00486	1.31528	9.93494
300.	0.981597	0.000685794	36030.7	0.57462	0.023311	1.00475	1.31359	9.91556
301.	0.981498	0.000686254	36230.	0.574618	0.0233012	1.00464	1.31188	9.89618
302.	0.9814	0.000686703	36429.5	0.574615	0.0232927	1.00453	1.31015	9.8768
303.	0.981301	0.000687142	36629.	0.574613	0.0232855	1.00442	1.30841	9.85742
304.	0.981202	0.000687571	36828.7	0.574611	0.0232796	1.00431	1.30664	9.83804
305.	0.981104	0.000687989	37028.5	0.57461	0.0232748	1.00421	1.30486	9.81866
306.	0.981005	0.000688398	37228.4	0.574609	0.0232713	1.0041	1.30306	9.79929
307.	0.980906	0.000688796	37428.5	0.574608	0.023269	1.004	1.30125	9.77991
308.	0.980807	0.000689185	37628.7	0.574608	0.0232679	1.0039	1.29942	9.76054
309.	0.980708	0.000689563	37828.9	0.574608	0.023268	1.0038	1.29757	9.74117
310.	0.98061	0.000689933	38029.3	0.574608	0.0232693	1.0037	1.2957	9.7218
311.	0.980511	0.000690292	38229.8	0.574609	0.0232717	1.0036	1.29382	9.70244
312.	0.980412	0.000690642	38430.4	0.57461	0.0232753	1.0035	1.29193	9.68308
313.	0.980313	0.000690982	38631.1	0.574612	0.02328	1.0034	1.29002	9.66372
314.	0.980214	0.000691314	38831.9	0.574613	0.0232859	1.00331	1.28809	9.64437
315.	0.980114	0.000691635	39032.7	0.574615	0.0232928	1.00321	1.28615	9.62503
316.	0.980015	0.000691948	39233.7	0.574618	0.0233009	1.00312	1.2842	9.6057
317.	0.979916	0.000692252	39434.8	0.57462	0.02331	1.00303	1.28223	9.58637
318.	0.979817	0.000692547	39635.9	0.574623	0.0233202	1.00294	1.28025	9.56704
319.	0.979718	0.000692833	39837.2	0.574626	0.0233315	1.00284	1.27825	9.54773
320.	0.979618	0.00069311	40038.5	0.57463	0.0233439	1.00276	1.27625	9.52842
321.	0.979519	0.000693379	40239.9	0.574634	0.0233573	1.00267	1.27422	9.50912
322.	0.97942	0.000693638	40441.4	0.574638	0.0233717	1.00258	1.27219	9.48983
323.	0.97932	0.00069389	40642.9	0.574642	0.0233871	1.00249	1.27014	9.47056
324.	0.979221	0.000694133	40844.5	0.574647	0.0234035	1.00241	1.26808	9.45129
325.	0.979122	0.000694368	41046.2	0.574652	0.023421	1.00232	1.26601	9.43203
326.	0.979022	0.000694594	41248.	0.574657	0.0234394	1.00224	1.26393	9.41278
327.	0.978923	0.000694812	41449.8	0.574663	0.0234588	1.00216	1.26184	9.39354
328.	0.978823	0.000695023	41651.7	0.574669	0.0234792	1.00208	1.25973	9.37431
329.	0.978724	0.000695225	41853.6	0.574675	0.0235005	1.002	1.25761	9.3551
330.	0.978624	0.000695419	42055.6	0.574681	0.0235228	1.00192	1.25549	9.3359
331.	0.978525	0.000695606	42257.7	0.574688	0.023546	1.00184	1.25335	9.31671
332.	0.978425	0.000695785	42459.8	0.574695	0.0235701	1.00176	1.2512	9.29753
333.	0.978326	0.000695956	42662.	0.574702	0.0235952	1.00168	1.24904	9.27837
334.	0.978226	0.000696119	42864.2	0.57471	0.0236211	1.00161	1.24687	9.25922
335.	0.978126	0.000696276	43066.4	0.574717	0.023648	1.00153	1.2447	9.24009
336.	0.978027	0.000696424	43268.7	0.574725	0.0236757	1.00146	1.24251	9.22096
337.	0.977927	0.000696566	43471.1	0.574733	0.0237043	1.00139	1.24031	9.20186
338.	0.977827	0.0006967	43673.4	0.574742	0.0237338	1.00131	1.23811	9.18277
339.	0.977728	0.000696827	43875.9	0.574751	0.0237641	1.00124	1.23589	9.16369
340.	0.977628	0.000696947	44078.3	0.57476	0.0237952	1.00117	1.23367	9.14464
341.	0.977528	0.00069706	44280.8	0.574769	0.0238272	1.0011	1.23144	9.12559
342.	0.977429	0.000697166	44483.3	0.574778	0.0238601	1.00103	1.2292	9.10657
343.	0.977329	0.000697265	44685.9	0.574788	0.0238937	1.00096	1.22695	9.08756
344.	0.977229	0.000697358	44888.5	0.574798	0.0239281	1.00089	1.22469	9.06856
345.	0.97713	0.000697444	45091.1	0.574808	0.0239634	1.00083	1.22243	9.04959
346.	0.97703	0.000697523	45293.7	0.574818	0.0239994	1.00076	1.22016	9.03063
347.	0.97693	0.000697595	45496.4	0.574829	0.0240363	1.0007	1.21788	9.01169
348.	0.97683	0.000697662	45699.	0.57484	0.0240738	1.00063	1.2156	8.99277
349.	0.976731	0.000697721	45901.7	0.574851	0.0241122	1.00057	1.21331	8.97387
350.	0.976631	0.000697775	46104.4	0.574862	0.0241513	1.0005	1.21101	8.95499
351.	0.976531	0.000697822	46307.1	0.574873	0.0241912	1.00044	1.2087	8.93613
352.	0.976431	0.000697863	46509.9	0.574885	0.0242317	1.00038	1.20639	8.91728
353.	0.976332	0.000697898	46712.6	0.574897	0.0242731	1.00032	1.20408	8.89846
354.	0.976232	0.000697927	46915.4	0.574909	0.0243151	1.00026	1.20175	8.87966
355.	0.976132	0.00069795	47118.1	0.574921	0.0243578	1.0002	1.19942	8.86087
356.	0.976033	0.000697967	47320.9	0.574934	0.0244013	1.00014	1.19709	8.84211
357.	0.975933	0.000697978	47523.7	0.574946	0.0244454	1.00008	1.19475	8.82337
358.	0.975833	0.000697984	47726.4	0.574959	0.0244903	1.00003	1.1924	8.80465
359.	0.975733	0.000697984	47929.2	0.574972	0.0245358	0.99997	1.19005	8.78595
360.	0.975634	0.000697978	48132.	0.574986	0.024582	0.999914	1.1877	8.76727
361.	0.975534	0.000697966	48334.8	0.574999	0.0246288	0.999859	1.18534	8.74862
362.	0.975434	0.00069795	48537.5	0.575013	0.0246763	0.999804	1.18297	8.72998
363.	0.975335	0.000697927	48740.3	0.575027	0.0247245	0.99975	1.18061	8.71137
364.	0.975235	0.0006979	48943.	0.575041	0.0247733	0.999696	1.17823	8.69278
365.	0.975135	0.000697867	49145.8	0.575055	0.0248227	0.999644	1.17586	8.67422
366.	0.975036	0.000697829	49348.5	0.575069	0.0248728	0.999592	1.17347	8.65567
367.	0.974936	0.000697785	49551.2	0.575084	0.0249234	0.99954	1.17109	8.63715
368.	0.974836	0.000697737	49754.	0.575099	0.0249747	0.999489	1.1687	8.61866
369.	0.974737	0.000697684	49956.7	0.575114	0.0250266	0.999439	1.16631	8.60019
370.	0.974637	0.000697625	50159.3	0.575129	0.0250791	0.999389	1.16391	8.58174
371.	0.974537	0.000697562	50362.	0.575144	0.0251321	0.99934	1.16151	8.56331
372.	0.974438	0.000697494	50564.6	0.575159	0.0251858	0.999292	1.15911	8.54491
373.	0.974338	0.000697421	50767.3	0.575175	0.02524	0.999244	1.1567	8.52654
374.	0.974239	0.000697343	50969.9	0.575191	0.0252948	0.999196	1.1543	8.50819
375.	0.974139	0.000697261	51172.4	0.575207	0.0253502	0.99915	1.15189	8.48986
376.	0.97404	0.000697174	51375.	0.575223	0.0254061	0.999103	1.14947	8.47156
377.	0.97394	0.000697082	51577.5	0.575239	0.0254626	0.999058	1.14706	8.45329
378.	0.973841	0.000696986	51780.	0.575255	0.0255196	0.999013	1.14464	8.43504
379.	0.973741	0.000696885	51982.5	0.575272	0.0255771	0.998968	1.14222	8.41681
380.	0.973642	0.00069678	52184.9	0.575289	0.0256352	0.998924	1.1398	8.39861
381.	0.973542	0.000696671	52387.3	0.575305	0.0256938	0.998881	1.13737	8.38044
382.	0.973443	0.000696558	52589.7	0.575322	0.0257529	0.998838	1.13494	8.3623
383.	0.973344	0.00069644	52792.	0.57534	0.0258125	0.998795	1.13252	8.34418
384.	0.973244	0.000696318	52994.4	0.575357	0.0258727	0.998753	1.13009	8.32608
385.	0.973145	0.000696192	53196.6	0.575374	0.0259333	0.998712	1.12766	8.30802
386.	0.973046	0.000696062	53398.9	0.575392	0.0259944	0.998671	1.12522	8.28998
387.	0.972946	0.000695928	53601.1	0.57541	0.026056	0.998631	1.12279	8.27196
388.	0.972847	0.00069579	53803.2	0.575428	0.0261181	0.998591	1.12035	8.25398
389.	0.972748	0.000695648	54005.3	0.575446	0.0261807	0.998551	1.11792	8.23602
390.	0.972649	0.000695502	54207.4	0.575464	0.0262437	0.998512	1.11548	8.21809
391.	0.972549	0.000695352	54409.4	0.575482	0.0263072	0.998474	1.11304	8.20018
392.	0.97245	0.000695198	54611.4	0.5755	0.0263711	0.998436	1.1106	8.1823
393.	0.972351	0.000695041	54813.4	0.575519	0.0264355	0.998398	1.10817	8.16446
394.	0.972252	0.00069488	55015.3	0.575538	0.0265004	0.998361	1.10573	8.14663
395.	0.972153	0.000694716	55217.1	0.575556	0.0265656	0.998325	1.10329	8.12884
396.	0.972054	0.000694548	55418.9	0.575575	0.0266313	0.998289	1.10084	8.11108
397.	0.971955	0.000694376	55620.7	0.575594	0.0266975	0.998253	1.0984	8.09334
398.	0.971856	0.000694201	55822.4	0.575613	0.0267641	0.998218	1.09596	8.07563
399.	0.971757	0.000694023	56024.	0.575633	0.026831	0.998183	1.09352	8.05795
400.	0.971658	0.000693841	56225.6	0.575652	0.0268984	0.998149	1.09108	8.0403
401.	0.971559	0.000693656	56427.2	0.575672	0.0269663	0.998115	1.08864	8.02268
402.	0.97146	0.000693467	56628.6	0.575691	0.0270345	0.998081	1.0862	8.00509
403.	0.971361	0.000693276	56830.1	0.575711	0.0271031	0.998048	1.08376	7.98752
404.	0.971262	0.000693081	57031.5	0.575731	0.0271721	0.998015	1.08132	7.96999
405.	0.971164	0.000692883	57232.8	0.575751	0.0272415	0.997983	1.07888	7.95248
406.	0.971065	0.000692682	57434.	0.575771	0.0273112	0.997951	1.07644	7.935
407.	0.970966	0.000692477	57635.2	0.575791	0.0273814	0.99792	1.074	7.91756
408.	0.970867	0.00069227	57836.4	0.575811	0.0274519	0.997889	1.07157	7.90014
409.	0.970769	0.00069206	58037.5	0.575832	0.0275228	0.997858	1.06913	7.88275
410.	0.97067	0.000691846	58238.5	0.575852	0.0275941	0.997828	1.06669	7.86539
411.	0.970571	0.00069163	58439.5	0.575873	0.0276657	0.997798	1.06426	7.84806
412.	0.970473	0.000691411	58640.4	0.575894	0.0277376	0.997768	1.06183	7.83076
413.	0.970374	0.000691189	58841.2	0.575914	0.02781	0.997739	1.05939	7.81349
414.	0.970276	0.000690965	59042.	0.575935	0.0278826	0.99771	1.05696	7.79625
415.	0.970177	0.000690737	59242.7	0.575956	0.0279556	0.997682	1.05453	7.77904
416.	0.970079	0.000690507	59443.3	0.575978	0.028029	0.997654	1.0521	7.76186
417.	0.969981	0.000690275	59643.9	0.575999	0.0281027	0.997626	1.04968	7.74471
418.	0.969882	0.000690039	59844.4	0.57602	0.0281767	0.997599	1.04725	7.72759
419.	0.969784	0.000689801	60044.8	0.576042	0.028251	0.997572	1.04483	7.7105
420.	0.969686	0.000689561	60245.2	0.576063	0.0283256	0.997545	1.0424	7.69345
421.	0.969587	0.000689318	60445.4	0.576085	0.0284006	0.997519	1.03998	7.67642
422.	0.969489	0.000689072	60645.7	0.576106	0.0284759	0.997493	1.03756	7.65942
423.	0.969391	0.000688824	60845.8	0.576128	0.0285514	0.997467	1.03515	7.64245
424.	0.969293	0.000688574	61045.9	0.57615	0.0286273	0.997442	1.03273	7.62552
425.	0.969195	0.000688321	61245.9	0.576172	0.0287035	0.997417	1.03032	7.60861
426.	0.969097	0.000688066	61445.8	0.576194	0.02878	0.997392	1.02791	7.59174
427.	0.968999	0.000687808	61645.7	0.576216	0.0288567	0.997368	1.0255	7.57489
428.	0.968901	0.000687548	61845.5	0.576238	0.0289338	0.997344	1.02309	7.55808
429.	0.968803	0.000687286	62045.2	0.57626	0.0290111	0.99732	1.02068	7.5413
430.	0.968705	0.000687022	62244.8	0.576283	0.0290887	0.997297	1.01828	7.52454
431.	0.968607	0.000686756	62444.3	0.576305	0.0291666	0.997274	1.01588	7.50782
432.	0.968509	0.000686487	62643.8	0.576328	0.0292448	0.997251	1.01348	7.49114
433.	0.968411	0.000686217	62843.2	0.57635	0.0293232	0.997229	1.01108	7.47448
434.	0.968314	0.000685944	63042.5	0.576373	0.0294019	0.997207	1.00869	7.45785
435.	0.968216	0.000685669	63241.8	0.576396	0.0294809	0.997185	1.0063	7.44125
436.	0.968118	0.000685393	63440.9	0.576419	0.0295601	0.997163	1.00391	7.42469
437.	0.968021	0.000685114	63640.	0.576442	0.0296396	0.997142	1.00153	7.40816
438.	0.967923	0.000684833	63839.	0.576465	0.0297193	0.997121	0.999143	7.39165
439.	0.967826	0.00068455	64037.9	0.576488	0.0297992	0.9971	0.996762	7.37518
440.	0.967728	0.000684266	64236.7	0.576511	0.0298794	0.99708	0.994385	7.35874
441.	0.967631	0.000683979	64435.5	0.576534	0.0299599	0.997059	0.99201	7.34234
442.	0.967533	0.000683691	64634.1	0.576557	0.0300406	0.997039	0.989637	7.32596
443.	0.967436	0.000683401	64832.7	0.576581	0.0301215	0.99702	0.987268	7.30961
444.	0.967339	0.000683109	65031.2	0.576604	0.0302026	0.997	0.984902	7.2933
445.	0.967241	0.000682816	65229.6	0.576627	0.030284	0.996981	0.982538	7.27702
446.	0.967144	0.00068252	65428.	0.576651	0.0303656	0.996962	0.980178	7.26077
447.	0.967047	0.000682223	65626.2	0.576674	0.0304474	0.996944	0.977821	7.24455
448.	0.96695	0.000681925	65824.4	0.576698	0.0305295	0.996925	0.975467	7.22836
449.	0.966853	0.000681624	66022.4	0.576722	0.0306117	0.996907	0.973115	7.2122
450.	0.966756	0.000681322	66220.4	0.576746	0.0306942	0.996889	0.970768	7.19608
451.	0.966659	0.000681019	66418.3	0.576769	0.0307769	0.996872	0.968423	7.17999
452.	0.966562	0.000680714	66616.1	0.576793	0.0308598	0.996854	0.966081	7.16393
453.	0.966465	0.000680407	66813.8	0.576817	0.0309428	0.996837	0.963743	7.1479
454.	0.966368	0.000680099	67011.4	0.576841	0.0310261	0.99682	0.961408	7.1319
455.	0.966271	0.000679789	67209.	0.576865	0.0311096	0.996804	0.959077	7.11593
456.	0.966174	0.000679478	67406.4	0.57689	0.0311933	0.996787	0.956749	7.1
457.	0.966077	0.000679166	67603.8	0.576914	0.0312771	0.996771	0.954424	7.0841
458.	0.965981	0.000678852	67801.	0.576938	0.0313612	0.996755	0.952103	7.06822
459.	0.965884	0.000678536	67998.2	0.576962	0.0314454	0.996739	0.949785	7.05239
460.	0.965788	0.000678219	68195.3	0.576987	0.0315298	0.996724	0.947471	7.03658
461.	0.965691	0.000677901	68392.2	0.577011	0.0316144	0.996708	0.94516	7.0208
462.	0.965594	0.000677582	68589.1	0.577036	0.0316992	0.996693	0.942853	7.00506
463.	0.965498	0.000677261	68785.9	0.57706	0.0317842	0.996678	0.94055	6.98935
464.	0.965402	0.000676939	68982.6	0.577085	0.0318693	0.996664	0.93825	6.97366
465.	0.965305	0.000676616	69179.3	0.577109	0.0319546	0.996649	0.935954	6.95802
466.	0.965209	0.000676291	69375.8	0.577134	0.03204	0.996635	0.933661	6.9424
467.	0.965113	0.000675966	69572.2	0.577159	0.0321257	0.996621	0.931373	6.92681
468.	0.965016	0.000675639	69768.5	0.577183	0.0322115	0.996607	0.929088	6.91126
469.	0.96492	0.000675311	69964.8	0.577208	0.0322974	0.996593	0.926807	6.89574
470.	0.964824	0.000674982	70160.9	0.577233	0.0323835	0.99658	0.924529	6.88025
471.	0.964728	0.000674651	70357.	0.577258	0.0324698	0.996567	0.922256	6.86479
472.	0.964632	0.00067432	70552.9	0.577283	0.0325562	0.996554	0.919986	6.84936
473.	0.964536	0.000673987	70748.8	0.577308	0.0326427	0.996541	0.91772	6.83397
474.	0.96444	0.000673654	70944.5	0.577333	0.0327295	0.996528	0.915459	6.8186
475.	0.964344	0.000673319	71140.2	0.577358	0.0328163	0.996516	0.913201	6.80327
476.	0.964248	0.000672983	71335.7	0.577383	0.0329033	0.996503	0.910947	6.78797
477.	0.964153	0.000672647	71531.2	0.577408	0.0329904	0.996491	0.908697	6.7727
478.	0.964057	0.000672309	71726.6	0.577433	0.0330777	0.996479	0.906451	6.75746
479.	0.963961	0.00067197	71921.8	0.577459	0.0331651	0.996467	0.904209	6.74226
480.	0.963866	0.000671631	72117.	0.577484	0.0332527	0.996456	0.901971	6.72708
481.	0.96377	0.00067129	72312.1	0.577509	0.0333404	0.996444	0.899737	6.71194
482.	0.963675	0.000670949	72507.	0.577535	0.0334282	0.996433	0.897507	6.69683
483.	0.963579	0.000670606	72701.9	0.57756	0.0335161	0.996422	0.895281	6.68175
484.	0.963484	0.000670263	72896.7	0.577585	0.0336042	0.996411	0.89306	6.66671
485.	0.963388	0.000669919	73091.3	0.577611	0.0336924	0.9964	0.890842	6.65169
486.	0.963293	0.000669574	73285.9	0.577636	0.0337807	0.996389	0.888629	6.6367
487.	0.963198	0.000669228	73480.4	0.577662	0.0338691	0.996379	0.88642	6.62175
488.	0.963102	0.000668882	73674.7	0.577687	0.0339577	0.996369	0.884215	6.60683
489.	0.963007	0.000668534	73869.	0.577713	0.0340463	0.996359	0.882014	6.59194
490.	0.962912	0.000668186	74063.2	0.577739	0.0341351	0.996349	0.879817	6.57708
491.	0.962817	0.000667837	74257.3	0.577764	0.034224	0.996339	0.877625	6.56225
492.	0.962722	0.000667488	74451.2	0.57779	0.034313	0.996329	0.875437	6.54746
493.	0.962627	0.000667137	74645.1	0.577816	0.0344021	0.99632	0.873253	6.53269
494.	0.962532	0.000666786	74838.8	0.577842	0.0344913	0.99631	0.871073	6.51796
495.	0.962437	0.000666434	75032.5	0.577867	0.0345806	0.996301	0.868898	6.50326
496.	0.962342	0.000666082	75226.1	0.577893	0.0346701	0.996292	0.866727	6.48859
497.	0.962248	0.000665729	75419.5	0.577919	0.0347596	0.996283	0.86456	6.47395
498.	0.962153	0.000665375	75612.9	0.577945	0.0348492	0.996274	0.862398	6.45934
499.	0.962058	0.00066502	75806.1	0.577971	0.0349389	0.996266	0.86024	6.44477
500.	0.961964	0.000664665	75999.3	0.577997	0.0350287	0.996257	0.858086	6.43022
501.	0.961869	0.00066431	76192.3	0.578023	0.0351186	0.996249	0.855937	6.41571
502.	0.961774	0.000663953	76385.2	0.578049	0.0352086	0.99624	0.853792	6.40122
503.	0.96168	0.000663596	76578.1	0.578075	0.0352987	0.996232	0.851652	6.38677
504.	0.961586	0.000663239	76770.8	0.578101	0.0353889	0.996224	0.849515	6.37235
505.	0.961491	0.000662881	76963.4	0.578127	0.0354792	0.996216	0.847384	6.35796
506.	0.961397	0.000662522	77156.	0.578153	0.0355695	0.996209	0.845256	6.3436
507.	0.961303	0.000662163	77348.4	0.578179	0.03566	0.996201	0.843133	6.32927
508.	0.961208	0.000661804	77540.7	0.578206	0.0357505	0.996194	0.841015	6.31497
509.	0.961114	0.000661443	77732.9	0.578232	0.0358411	0.996186	0.838901	6.30071
510.	0.96102	0.000661083	77925.	0.578258	0.0359318	0.996179	0.836791	6.28647
511.	0.960926	0.000660722	78117.	0.578284	0.0360225	0.996172	0.834686	6.27227
512.	0.960832	0.00066036	78308.9	0.57831	0.0361134	0.996165	0.832585	6.25809
513.	0.960738	0.000659998	78500.7	0.578337	0.0362043	0.996158	0.830489	6.24395
514.	0.960644	0.000659636	78692.4	0.578363	0.0362953	0.996152	0.828397	6.22984
515.	0.96055	0.000659273	78884.	0.578389	0.0363863	0.996145	0.82631	6.21576
516.	0.960457	0.00065891	79075.5	0.578416	0.0364774	0.996138	0.824227	6.20171
517.	0.960363	0.000658546	79266.8	0.578442	0.0365686	0.996132	0.822149	6.18768
518.	0.960269	0.000658182	79458.1	0.578469	0.0366599	0.996126	0.820075	6.17369
519.	0.960176	0.000657817	79649.2	0.578495	0.0367512	0.99612	0.818006	6.15974
520.	0.960082	0.000657453	79840.3	0.578521	0.0368426	0.996114	0.815941	6.14581
521.	0.959988	0.000657087	80031.2	0.578548	0.0369341	0.996108	0.813881	6.13191
522.	0.959895	0.000656722	80222.1	0.578574	0.0370256	0.996102	0.811825	6.11804
523.	0.959802	0.000656356	80412.8	0.578601	0.0371172	0.996096	0.809774	6.1042
524.	0.959708	0.00065599	80603.4	0.578627	0.0372088	0.99609	0.807727	6.0904
525.	0.959615	0.000655623	80794.	0.578654	0.0373005	0.996085	0.805685	6.07662
526.	0.959522	0.000655256	80984.4	0.57868	0.0373923	0.99608	0.803647	6.06287
527.	0.959428	0.000654889	81174.7	0.578707	0.0374841	0.996074	0.801614	6.04916
528.	0.959335	0.000654522	81364.9	0.578734	0.037576	0.996069	0.799585	6.03547
529.	0.959242	0.000654154	81555.	0.57876	0.0376679	0.996064	0.797561	6.02181
530.	0.959149	0.000653786	81745.	0.578787	0.0377599	0.996059	0.795542	6.00819
531.	0.959056	0.000653418	81934.9	0.578813	0.0378519	0.996054	0.793527	5.99459
532.	0.958963	0.00065305	82124.6	0.57884	0.037944	0.996049	0.791517	5.98103
533.	0.95887	0.000652681	82314.3	0.578867	0.0380361	0.996044	0.789511	5.96749
534.	0.958777	0.000652312	82503.9	0.578893	0.0381282	0.99604	0.78751	5.95398
535.	0.958685	0.000651943	82693.3	0.57892	0.0382205	0.996035	0.785513	5.94051
536.	0.958592	0.000651573	82882.7	0.578947	0.0383127	0.996031	0.783521	5.92706
537.	0.958499	0.000651204	83071.9	0.578974	0.038405	0.996026	0.781533	5.91364
538.	0.958406	0.000650834	83261.	0.579	0.0384974	0.996022	0.77955	5.90026
539.	0.958314	0.000650464	83450.	0.579027	0.0385898	0.996018	0.777572	5.8869
540.	0.958221	0.000650094	83639.	0.579054	0.0386822	0.996014	0.775598	5.87357
541.	0.958129	0.000649724	83827.8	0.579081	0.0387747	0.99601	0.773628	5.86027
542.	0.958036	0.000649353	84016.5	0.579107	0.0388672	0.996006	0.771664	5.84701
543.	0.957944	0.000648983	84205.1	0.579134	0.0389597	0.996002	0.769703	5.83377
544.	0.957852	0.000648612	84393.5	0.579161	0.0390523	0.995998	0.767748	5.82056
545.	0.95776	0.000648241	84581.9	0.579188	0.0391449	0.995994	0.765797	5.80738
546.	0.957667	0.00064787	84770.2	0.579215	0.0392376	0.995991	0.76385	5.79423
547.	0.957575	0.000647499	84958.4	0.579241	0.0393303	0.995987	0.761908	5.78111
548.	0.957483	0.000647128	85146.4	0.579268	0.039423	0.995984	0.759971	5.76802
549.	0.957391	0.000646756	85334.4	0.579295	0.0395158	0.99598	0.758038	5.75495
550.	0.957299	0.000646385	85522.2	0.579322	0.0396085	0.995977	0.75611	5.74192
551.	0.957207	0.000646013	85709.9	0.579349	0.0397014	0.995974	0.754186	5.72891
552.	0.957115	0.000645642	85897.5	0.579376	0.0397942	0.995971	0.752267	5.71594
553.	0.957023	0.00064527	86085.1	0.579403	0.0398871	0.995968	0.750352	5.70299
554.	0.956932	0.000644898	86272.5	0.57943	0.03998	0.995965	0.748442	5.69008
555.	0.95684	0.000644527	86459.8	0.579457	0.0400729	0.995962	0.746536	5.67719
556.	0.956748	0.000644155	86647.	0.579483	0.0401658	0.995959	0.744635	5.66433
557.	0.956657	0.000643783	86834.	0.57951	0.0402588	0.995956	0.742739	5.6515
558.	0.956565	0.000643411	87021.	0.579537	0.0403518	0.995953	0.740847	5.6387
559.	0.956473	0.000643039	87207.9	0.579564	0.0404448	0.995951	0.738959	5.62592
560.	0.956382	0.000642667	87394.6	0.579591	0.0405379	0.995948	0.737077	5.61318
561.	0.956291	0.000642295	87581.3	0.579618	0.0406309	0.995946	0.735198	5.60046
562.	0.956199	0.000641923	87767.8	0.579645	0.040724	0.995943	0.733324	5.58778
563.	0.956108	0.000641551	87954.3	0.579672	0.0408171	0.995941	0.731455	5.57512
564.	0.956017	0.000641179	88140.6	0.579699	0.0409102	0.995939	0.72959	5.56249
565.	0.955925	0.000640807	88326.8	0.579726	0.0410034	0.995936	0.72773	5.54989
566.	0.955834	0.000640435	88512.9	0.579753	0.0410965	0.995934	0.725874	5.53731
567.	0.955743	0.000640063	88698.9	0.57978	0.0411897	0.995932	0.724023	5.52477
568.	0.955652	0.000639691	88884.8	0.579807	0.0412829	0.99593	0.722177	5.51225
569.	0.955561	0.000639319	89070.6	0.579834	0.0413761	0.995928	0.720334	5.49977
570.	0.95547	0.000638947	89256.3	0.579861	0.0414693	0.995926	0.718497	5.48731
571.	0.955379	0.000638575	89441.8	0.579888	0.0415625	0.995924	0.716663	5.47487
572.	0.955289	0.000638204	89627.3	0.579915	0.0416558	0.995922	0.714835	5.46247
573.	0.955198	0.000637832	89812.7	0.579942	0.041749	0.995921	0.71301	5.45009
574.	0.955107	0.00063746	89997.9	0.579969	0.0418423	0.995919	0.711191	5.43775
575.	0.955016	0.000637089	90183.	0.579996	0.0419355	0.995917	0.709375	5.42543
576.	0.954926	0.000636717	90368.1	0.580024	0.0420288	0.995916	0.707564	5.41314
577.	0.954835	0.000636345	90553.	0.580051	0.0421221	0.995914	0.705758	5.40087
578.	0.954745	0.000635974	90737.8	0.580078	0.0422154	0.995913	0.703956	5.38864
579.	0.954654	0.000635603	90922.5	0.580105	0.0423087	0.995911	0.702159	5.37643
580.	0.954564	0.000635232	91107.1	0.580132	0.042402	0.99591	0.700366	5.36425
581.	0.954474	0.00063486	91291.6	0.580159	0.0424954	0.995908	0.698577	5.35209
582.	0.954383	0.000634489	91476.	0.580186	0.0425887	0.995907	0.696793	5.33997
583.	0.954293	0.000634118	91660.2	0.580213	0.042682	0.995906	0.695013	5.32787
584.	0.954203	0.000633748	91844.4	0.58024	0.0427753	0.995905	0.693238	5.3158
585.	0.954113	0.000633377	92028.5	0.580267	0.0428687	0.995904	0.691467	5.30376
586.	0.954023	0.000633006	92212.4	0.580294	0.042962	0.995902	0.689701	5.29174
587.	0.953933	0.000632636	92396.3	0.580321	0.0430554	0.995901	0.687939	5.27975
588.	0.953843	0.000632265	92580.	0.580348	0.0431487	0.9959	0.686181	5.26779
589.	0.953753	0.000631895	92763.6	0.580375	0.0432421	0.9959	0.684428	5.25586
590.	0.953663	0.000631525	92947.2	0.580403	0.0433354	0.995899	0.682679	5.24395
591.	0.953573	0.000631155	93130.6	0.58043	0.0434288	0.995898	0.680935	5.23207
592.	0.953483	0.000630785	93313.9	0.580457	0.0435221	0.995897	0.679195	5.22022
593.	0.953393	0.000630416	93497.1	0.580484	0.0436154	0.995896	0.677459	5.20839
594.	0.953304	0.000630046	93680.2	0.580511	0.0437088	0.995896	0.675727	5.19659
595.	0.953214	0.000629677	93863.1	0.580538	0.0438021	0.995895	0.674001	5.18482
596.	0.953125	0.000629308	94046.	0.580565	0.0438955	0.995894	0.672278	5.17308
597.	0.953035	0.000628939	94228.8	0.580592	0.0439888	0.995894	0.67056	5.16136
598.	0.952946	0.00062857	94411.5	0.580619	0.0440821	0.995893	0.668846	5.14967
599.	0.952856	0.000628201	94594.	0.580646	0.0441755	0.995893	0.667136	5.138
600.	0.952767	0.000627833	94776.5	0.580673	0.0442688	0.995892	0.665431	5.12636
601.	0.952678	0.000627464	94958.8	0.580701	0.0443621	0.995892	0.66373	5.11475
602.	0.952588	0.000627096	95141.	0.580728	0.0444554	0.995891	0.662033	5.10317
603.	0.952499	0.000626728	95323.2	0.580755	0.0445487	0.995891	0.660341	5.09161
604.	0.95241	0.00062636	95505.2	0.580782	0.044642	0.995891	0.658653	5.08007
605.	0.952321	0.000625993	95687.1	0.580809	0.0447353	0.995891	0.656969	5.06857
606.	0.952232	0.000625625	95868.9	0.580836	0.0448286	0.99589	0.65529	5.05709
607.	0.952143	0.000625258	96050.6	0.580863	0.0449219	0.99589	0.653614	5.04564
608.	0.952054	0.000624891	96232.2	0.58089	0.0450152	0.99589	0.651943	5.03421
609.	0.951965	0.000624524	96413.7	0.580917	0.0451084	0.99589	0.650277	5.02281
610.	0.951876	0.000624158	96595.1	0.580944	0.0452017	0.99589	0.648614	5.01143
611.	0.951788	0.000623792	96776.3	0.580971	0.0452949	0.99589	0.646956	5.00008
612.	0.951699	0.000623425	96957.5	0.580999	0.0453881	0.99589	0.645302	4.98876
613.	0.95161	0.000623059	97138.6	0.581026	0.0454814	0.99589	0.643653	4.97746
614.	0.951522	0.000622694	97319.5	0.581053	0.0455746	0.99589	0.642007	4.96619
615.	0.951433	0.000622328	97500.4	0.58108	0.0456678	0.99589	0.640366	4.95495
616.	0.951344	0.000621963	97681.1	0.581107	0.0457609	0.99589	0.638729	4.94373
617.	0.951256	0.000621598	97861.7	0.581134	0.0458541	0.995891	0.637096	4.93253
618.	0.951168	0.000621233	98042.3	0.581161	0.0459473	0.995891	0.635467	4.92136
619.	0.951079	0.000620869	98222.7	0.581188	0.0460404	0.995891	0.633843	4.91022
620.	0.950991	0.000620504	98403.	0.581215	0.0461336	0.995891	0.632222	4.8991
621.	0.950903	0.00062014	98583.2	0.581242	0.0462267	0.995892	0.630606	4.88801
622.	0.950814	0.000619776	98763.3	0.581269	0.0463198	0.995892	0.628994	4.87695
623.	0.950726	0.000619413	98943.3	0.581296	0.0464129	0.995892	0.627387	4.86591
624.	0.950638	0.000619049	99123.2	0.581323	0.0465059	0.995893	0.625783	4.85489
625.	0.95055	0.000618686	99303.	0.58135	0.046599	0.995893	0.624183	4.8439
626.	0.950462	0.000618323	99482.7	0.581377	0.046692	0.995894	0.622588	4.83294
627.	0.950374	0.000617961	99662.3	0.581405	0.0467851	0.995894	0.620997	4.822
628.	0.950286	0.000617598	99841.8	0.581432	0.0468781	0.995895	0.619409	4.81108
629.	0.950198	0.000617236	100021.	0.581459	0.0469711	0.995895	0.617826	4.80019
630.	0.950111	0.000616874	100200.	0.581486	0.047064	0.995896	0.616247	4.78933
631.	0.950023	0.000616513	100380.	0.581513	0.047157	0.995896	0.614673	4.77849
632.	0.949935	0.000616152	100559.	0.58154	0.0472499	0.995897	0.613102	4.76767
633.	0.949848	0.000615791	100738.	0.581567	0.0473428	0.995898	0.611535	4.75688
634.	0.94976	0.00061543	100916.	0.581594	0.0474357	0.995898	0.609972	4.74612
635.	0.949673	0.000615069	101095.	0.581621	0.0475286	0.995899	0.608414	4.73538
636.	0.949585	0.000614709	101274.	0.581648	0.0476215	0.9959	0.606859	4.72466
637.	0.949498	0.000614349	101452.	0.581675	0.0477143	0.9959	0.605309	4.71397
638.	0.94941	0.00061399	101631.	0.581702	0.0478071	0.995901	0.603762	4.7033
639.	0.949323	0.00061363	101809.	0.581729	0.0478999	0.995902	0.60222	4.69266
640.	0.949236	0.000613271	101987.	0.581756	0.0479927	0.995903	0.600681	4.68205
641.	0.949148	0.000612912	102165.	0.581783	0.0480855	0.995904	0.599147	4.67145
642.	0.949061	0.000612554	102343.	0.58181	0.0481782	0.995905	0.597616	4.66088
643.	0.948974	0.000612196	102521.	0.581837	0.0482709	0.995906	0.59609	4.65034
644.	0.948887	0.000611838	102699.	0.581864	0.0483636	0.995907	0.594567	4.63982
645.	0.9488	0.00061148	102877.	0.581891	0.0484563	0.995907	0.593048	4.62932
646.	0.948713	0.000611123	103054.	0.581918	0.048549	0.995908	0.591534	4.61885
647.	0.948626	0.000610766	103232.	0.581944	0.0486416	0.995909	0.590023	4.6084
648.	0.948539	0.000610409	103409.	0.581971	0.0487342	0.99591	0.588517	4.59798
649.	0.948452	0.000610052	103587.	0.581998	0.0488268	0.995912	0.587014	4.58758
650.	0.948366	0.000609696	103764.	0.582025	0.0489193	0.995913	0.585515	4.57721
651.	0.948279	0.00060934	103941.	0.582052	0.0490119	0.995914	0.58402	4.56685
652.	0.948192	0.000608985	104118.	0.582079	0.0491044	0.995915	0.582529	4.55653
653.	0.948106	0.00060863	104295.	0.582106	0.0491969	0.995916	0.581042	4.54622
654.	0.948019	0.000608275	104471.	0.582133	0.0492893	0.995917	0.579559	4.53594
655.	0.947933	0.00060792	104648.	0.58216	0.0493818	0.995918	0.578079	4.52569
656.	0.947846	0.000607566	104825.	0.582187	0.0494742	0.995919	0.576604	4.51545
657.	0.94776	0.000607212	105001.	0.582214	0.0495666	0.995921	0.575132	4.50524
658.	0.947673	0.000606858	105177.	0.582241	0.0496589	0.995922	0.573664	4.49506
659.	0.947587	0.000606505	105354.	0.582267	0.0497513	0.995923	0.572201	4.4849
660.	0.947501	0.000606151	105530.	0.582294	0.0498436	0.995924	0.570741	4.47476
661.	0.947415	0.000605799	105706.	0.582321	0.0499359	0.995926	0.569284	4.46464
662.	0.947328	0.000605446	105882.	0.582348	0.0500281	0.995927	0.567832	4.45455
663.	0.947242	0.000605094	106058.	0.582375	0.0501203	0.995928	0.566383	4.44448
664.	0.947156	0.000604742	106233.	0.582402	0.0502125	0.99593	0.564938	4.43443
665.	0.94707	0.000604391	106409.	0.582429	0.0503047	0.995931	0.563497	4.42441
666.	0.946984	0.00060404	106585.	0.582455	0.0503969	0.995932	0.56206	4.41441
667.	0.946898	0.000603689	106760.	0.582482	0.050489	0.995934	0.560627	4.40443
668.	0.946812	0.000603338	106935.	0.582509	0.0505811	0.995935	0.559197	4.39448
669.	0.946727	0.000602988	107111.	0.582536	0.0506732	0.995937	0.557771	4.38455
670.	0.946641	0.000602638	107286.	0.582563	0.0507652	0.995938	0.556349	4.37464
671.	0.946555	0.000602289	107461.	0.58259	0.0508572	0.995939	0.554931	4.36476
672.	0.946469	0.000601939	107636.	0.582616	0.0509492	0.995941	0.553516	4.3549
673.	0.946384	0.000601591	107810.	0.582643	0.0510411	0.995942	0.552105	4.34506
674.	0.946298	0.000601242	107985.	0.58267	0.0511331	0.995944	0.550698	4.33524
675.	0.946213	0.000600894	108160.	0.582697	0.051225	0.995945	0.549294	4.32545
676.	0.946127	0.000600546	108334.	0.582723	0.0513168	0.995947	0.547894	4.31568
677.	0.946042	0.000600198	108509.	0.58275	0.0514087	0.995948	0.546498	4.30593
678.	0.945957	0.000599851	108683.	0.582777	0.0515005	0.99595	0.545106	4.2962
679.	0.945871	0.000599504	108857.	0.582804	0.0515923	0.995952	0.543717	4.2865
680.	0.945786	0.000599158	109031.	0.58283	0.051684	0.995953	0.542332	4.27682
681.	0.945701	0.000598811	109205.	0.582857	0.0517757	0.995955	0.54095	4.26716
682.	0.945616	0.000598466	109379.	0.582884	0.0518674	0.995956	0.539572	4.25752
683.	0.94553	0.00059812	109553.	0.582911	0.0519591	0.995958	0.538198	4.24791
684.	0.945445	0.000597775	109727.	0.582937	0.0520507	0.99596	0.536827	4.23831
685.	0.94536	0.00059743	109900.	0.582964	0.0521423	0.995961	0.53546	4.22874
686.	0.945275	0.000597085	110074.	0.582991	0.0522339	0.995963	0.534097	4.2192
687.	0.94519	0.000596741	110247.	0.583017	0.0523254	0.995965	0.532737	4.20967
688.	0.945105	0.000596397	110421.	0.583044	0.0524169	0.995966	0.531381	4.20017
689.	0.945021	0.000596054	110594.	0.583071	0.0525084	0.995968	0.530028	4.19068
690.	0.944936	0.000595711	110767.	0.583097	0.0525998	0.99597	0.528679	4.18122
691.	0.944851	0.000595368	110940.	0.583124	0.0526912	0.995971	0.527334	4.17178
692.	0.944766	0.000595026	111113.	0.583151	0.0527826	0.995973	0.525992	4.16237
693.	0.944682	0.000594683	111286.	0.583177	0.052874	0.995975	0.524654	4.15297
694.	0.944597	0.000594342	111458.	0.583204	0.0529653	0.995977	0.523319	4.1436
695.	0.944513	0.000594	111631.	0.583231	0.0530566	0.995979	0.521987	4.13425
696.	0.944428	0.000593659	111804.	0.583257	0.0531478	0.99598	0.52066	4.12492
697.	0.944344	0.000593318	111976.	0.583284	0.053239	0.995982	0.519335	4.11561
698.	0.944259	0.000592978	112148.	0.58331	0.0533302	0.995984	0.518015	4.10632
699.	0.944175	0.000592638	112320.	0.583337	0.0534214	0.995986	0.516697	4.09706
700.	0.944091	0.000592298	112493.	0.583363	0.0535125	0.995988	0.515383	4.08781
701.	0.944006	0.000591959	112665.	0.58339	0.0536036	0.995989	0.514073	4.07859
702.	0.943922	0.00059162	112837.	0.583417	0.0536946	0.995991	0.512766	4.06939
703.	0.943838	0.000591281	113008.	0.583443	0.0537857	0.995993	0.511463	4.06021
704.	0.943754	0.000590943	113180.	0.58347	0.0538766	0.995995	0.510163	4.05105
705.	0.94367	0.000590605	113352.	0.583496	0.0539676	0.995997	0.508866	4.04191
706.	0.943586	0.000590268	113523.	0.583523	0.0540585	0.995999	0.507573	4.0328
707.	0.943502	0.00058993	113695.	0.583549	0.0541494	0.996001	0.506284	4.0237
708.	0.943418	0.000589593	113866.	0.583576	0.0542403	0.996003	0.504997	4.01463
709.	0.943334	0.000589257	114037.	0.583602	0.0543311	0.996004	0.503715	4.00557
710.	0.94325	0.000588921	114208.	0.583629	0.0544219	0.996006	0.502435	3.99654
711.	0.943167	0.000588585	114379.	0.583655	0.0545126	0.996008	0.501159	3.98753
712.	0.943083	0.00058825	114550.	0.583682	0.0546033	0.99601	0.499886	3.97854
713.	0.942999	0.000587914	114721.	0.583708	0.054694	0.996012	0.498617	3.96957
714.	0.942916	0.00058758	114892.	0.583735	0.0547847	0.996014	0.497351	3.96062
715.	0.942832	0.000587245	115063.	0.583761	0.0548753	0.996016	0.496088	3.95169
716.	0.942748	0.000586911	115233.	0.583788	0.0549659	0.996018	0.494829	3.94278
717.	0.942665	0.000586578	115404.	0.583814	0.0550564	0.99602	0.493573	3.93389
718.	0.942582	0.000586244	115574.	0.58384	0.0551469	0.996022	0.492321	3.92502
719.	0.942498	0.000585911	115744.	0.583867	0.0552374	0.996024	0.491071	3.91618
720.	0.942415	0.000585579	115914.	0.583893	0.0553279	0.996026	0.489825	3.90735
721.	0.942331	0.000585246	116085.	0.58392	0.0554183	0.996028	0.488583	3.89854
722.	0.942248	0.000584914	116254.	0.583946	0.0555086	0.99603	0.487343	3.88976
723.	0.942165	0.000584583	116424.	0.583972	0.055599	0.996032	0.486107	3.88099
724.	0.942082	0.000584252	116594.	0.583999	0.0556893	0.996034	0.484875	3.87225
725.	0.941999	0.000583921	116764.	0.584025	0.0557796	0.996036	0.483645	3.86352
726.	0.941916	0.00058359	116933.	0.584051	0.0558698	0.996038	0.482419	3.85482
727.	0.941833	0.00058326	117103.	0.584078	0.05596	0.99604	0.481196	3.84613
728.	0.94175	0.00058293	117272.	0.584104	0.0560501	0.996042	0.479976	3.83747
729.	0.941667	0.000582601	117442.	0.58413	0.0561403	0.996044	0.478759	3.82882
730.	0.941584	0.000582272	117611.	0.584157	0.0562304	0.996046	0.477546	3.8202
731.	0.941501	0.000581943	117780.	0.584183	0.0563204	0.996048	0.476336	3.81159
732.	0.941418	0.000581615	117949.	0.584209	0.0564104	0.996051	0.475129	3.80301
733.	0.941336	0.000581287	118118.	0.584236	0.0565004	0.996053	0.473925	3.79444
734.	0.941253	0.000580959	118287.	0.584262	0.0565904	0.996055	0.472725	3.7859
735.	0.94117	0.000580632	118455.	0.584288	0.0566803	0.996057	0.471527	3.77737
736.	0.941088	0.000580305	118624.	0.584314	0.0567702	0.996059	0.470333	3.76887
737.	0.941005	0.000579979	118793.	0.584341	0.05686	0.996061	0.469142	3.76038
738.	0.940923	0.000579653	118961.	0.584367	0.0569498	0.996063	0.467954	3.75191
739.	0.94084	0.000579327	119129.	0.584393	0.0570396	0.996065	0.46677	3.74347