t	Ns	Ni	Dead_pi_0.0062	InterpolatingFunction[{{1, 2}}, {5, 3, 0, {2}, {2}, 0, 0, 0, 0, Automatic, {}, {}, False}, {{1, 2}}, {{Take[Table[], 231]}, {Transpose[Take[Table[], 231]][[5]]}}, {Automatic}]	LogRS	Rt	DiscHealthCost	DiscTotalCost
0.	0.999922	0.0000526992	51.0382	0.720983	0.477123	1.61131	0.091211	6.01016
1.	0.99991	0.0000575024	67.0359	0.720667	0.476245	1.60987	0.0993283	6.02159
2.	0.999896	0.0000627306	84.4899	0.72035	0.475366	1.60843	0.108146	6.03375
3.	0.999881	0.00006842	103.529	0.720032	0.474484	1.60699	0.117722	6.04668
4.	0.999864	0.0000746101	124.292	0.719714	0.473599	1.60555	0.128119	6.06045
5.	0.999846	0.0000813433	146.932	0.719395	0.472712	1.60409	0.139406	6.07514
6.	0.999827	0.0000886657	171.612	0.719074	0.471821	1.60263	0.151656	6.09081
7.	0.999806	0.000096627	198.511	0.718753	0.470928	1.60117	0.164947	6.10755
8.	0.999783	0.000105281	227.822	0.718431	0.470031	1.5997	0.179366	6.12545
9.	0.999758	0.000114686	259.755	0.718108	0.469131	1.59822	0.195004	6.1446
10.	0.99973	0.000124905	294.537	0.717783	0.468226	1.59673	0.211961	6.16511
11.	0.999701	0.000136005	332.414	0.717457	0.467318	1.59523	0.230343	6.18709
12.	0.999668	0.00014806	373.652	0.71713	0.466405	1.59372	0.250266	6.21065
13.	0.999633	0.000161149	418.541	0.716801	0.465488	1.59221	0.271852	6.23592
14.	0.999595	0.000175356	467.393	0.71647	0.464565	1.59068	0.295237	6.26304
15.	0.999553	0.000190774	520.545	0.716138	0.463637	1.58914	0.320563	6.29216
16.	0.999508	0.000207502	578.365	0.715804	0.462703	1.58758	0.347984	6.32345
17.	0.999459	0.000225647	641.247	0.715467	0.461763	1.58601	0.377667	6.35706
18.	0.999406	0.000245323	709.62	0.715129	0.460817	1.58443	0.409789	6.39319
19.	0.999348	0.000266653	783.947	0.714788	0.459863	1.58282	0.444542	6.43204
20.	0.999285	0.000289772	864.727	0.714444	0.458901	1.5812	0.482132	6.47381
21.	0.999217	0.000314822	952.5	0.714098	0.457931	1.57956	0.522778	6.51874
22.	0.999143	0.000341956	1047.85	0.713748	0.456952	1.5779	0.566717	6.56706
23.	0.999062	0.00037134	1151.4	0.713395	0.455963	1.57621	0.614202	6.61905
24.	0.998975	0.000403152	1263.84	0.713039	0.454964	1.5745	0.665505	6.67499
25.	0.998881	0.000437581	1385.9	0.712679	0.453954	1.57276	0.720915	6.73517
26.	0.998779	0.000474831	1518.36	0.712315	0.452932	1.571	0.780743	6.79991
27.	0.998668	0.000515121	1662.08	0.711946	0.451896	1.5692	0.845321	6.86956
28.	0.998547	0.000558684	1817.98	0.711573	0.450847	1.56736	0.915002	6.9445
29.	0.998417	0.000605771	1987.04	0.711194	0.449783	1.56549	0.990166	7.0251
30.	0.998276	0.00065665	2170.32	0.71081	0.448703	1.56358	1.07121	7.11179
31.	0.998123	0.000711605	2368.96	0.71042	0.447605	1.56163	1.15858	7.20501
32.	0.997958	0.000770942	2584.2	0.710024	0.446489	1.55963	1.25271	7.30524
33.	0.99778	0.000834985	2817.36	0.709621	0.445353	1.55758	1.3541	7.41297
34.	0.997586	0.00090408	3069.84	0.70921	0.444196	1.55547	1.46326	7.52876
35.	0.997377	0.000978594	3343.18	0.708792	0.443015	1.55331	1.58074	7.65316
36.	0.997152	0.00105892	3639.	0.708365	0.44181	1.55109	1.70712	7.78677
37.	0.996908	0.00114547	3959.04	0.707929	0.440579	1.5488	1.84301	7.93023
38.	0.996644	0.00123868	4305.19	0.707483	0.439319	1.54644	1.98906	8.08422
39.	0.99636	0.00133902	4679.44	0.707027	0.438028	1.54401	2.14594	8.24943
40.	0.996053	0.00144697	5083.94	0.706559	0.436705	1.54149	2.31438	8.42662
41.	0.995722	0.00156306	5520.96	0.70608	0.435347	1.53889	2.49513	8.61656
42.	0.995365	0.00168782	5992.96	0.705587	0.433952	1.53619	2.68898	8.82009
43.	0.994981	0.00182182	6502.53	0.705081	0.432518	1.5334	2.89675	9.03805
44.	0.994566	0.00196566	7052.44	0.704561	0.431041	1.5305	3.11931	9.27134
45.	0.99412	0.00211997	7645.65	0.704025	0.429518	1.52748	3.35754	9.5209
46.	0.99364	0.00228538	8285.28	0.703472	0.427947	1.52435	3.61239	9.78768
47.	0.993124	0.00246258	8974.66	0.702902	0.426325	1.52109	3.8848	10.0727
48.	0.992569	0.00265225	9717.31	0.702313	0.424649	1.51769	4.17578	10.377
49.	0.991973	0.00285512	10517.	0.701704	0.422914	1.51415	4.48632	10.7016
50.	0.991333	0.00307192	11377.6	0.701074	0.421118	1.51046	4.81747	11.0475
51.	0.990647	0.0033034	12303.3	0.700422	0.419257	1.50661	5.17027	11.416
52.	0.98991	0.00355033	13298.4	0.699746	0.417327	1.50258	5.54579	11.8081
53.	0.989121	0.00381347	14367.7	0.699046	0.415324	1.49838	5.94509	12.2248
54.	0.988277	0.0040936	15515.8	0.698319	0.413245	1.49399	6.36924	12.6674
55.	0.987373	0.0043915	16747.9	0.697565	0.411084	1.4894	6.81927	13.1369
56.	0.986407	0.00470791	18069.2	0.696783	0.408838	1.48461	7.29621	13.6344
57.	0.985375	0.0050436	19485.2	0.69597	0.406504	1.4796	7.80104	14.1609
58.	0.984273	0.00539926	21001.6	0.695125	0.404075	1.47436	8.33469	14.7173
59.	0.983099	0.00577559	22624.3	0.694248	0.40155	1.46889	8.89804	15.3047
60.	0.981848	0.0061732	24359.4	0.693336	0.398922	1.46317	9.49188	15.9239
61.	0.980517	0.00659269	26213.3	0.692389	0.396188	1.45719	10.1169	16.5755
62.	0.979102	0.00703454	28192.2	0.691406	0.393345	1.45096	10.7737	17.2602
63.	0.9776	0.00749918	30302.7	0.690384	0.390388	1.44446	11.4627	17.9785
64.	0.976006	0.00798693	32551.6	0.689324	0.387313	1.43767	12.1841	18.7307
65.	0.974318	0.00849799	34945.6	0.688223	0.384118	1.43061	12.9382	19.5169
66.	0.972532	0.00903245	37491.5	0.687082	0.380799	1.42325	13.7248	20.3371
67.	0.970644	0.00959024	40196.	0.685899	0.377353	1.41561	14.5437	21.1911
68.	0.968652	0.0101711	43065.9	0.684675	0.373779	1.40766	15.3942	22.0782
69.	0.966552	0.0107748	46107.9	0.683407	0.370074	1.39941	16.2757	22.9977
70.	0.964343	0.0114005	49328.5	0.682098	0.366237	1.39087	17.187	23.9485
71.	0.962021	0.0120476	52734.	0.680745	0.362268	1.38202	18.1267	24.9292
72.	0.959585	0.0127151	56330.5	0.679351	0.358167	1.37288	19.0934	25.9382
73.	0.957033	0.0134018	60123.7	0.677914	0.353933	1.36345	20.0849	26.9734
74.	0.954364	0.0141063	64119.1	0.676437	0.34957	1.35372	21.099	28.0325
75.	0.951577	0.0148269	68321.4	0.674919	0.345078	1.34372	22.133	29.1128
76.	0.948672	0.0155617	72735.3	0.673363	0.340462	1.33345	23.1842	30.2114
77.	0.945648	0.0163087	77364.4	0.67177	0.335724	1.32292	24.2492	31.3248
78.	0.942508	0.0170656	82212.1	0.670142	0.33087	1.31214	25.3246	32.4496
79.	0.939251	0.0178298	87280.7	0.66848	0.325906	1.30113	26.4065	33.5817
80.	0.93588	0.0185987	92572.1	0.666789	0.320838	1.28991	27.491	34.7169
81.	0.932397	0.0193694	98087.3	0.665069	0.315674	1.27849	28.5737	35.851
82.	0.928806	0.0201388	103826.	0.663325	0.310423	1.26689	29.6503	36.9793
83.	0.925109	0.020904	109788.	0.66156	0.305092	1.25514	30.7162	38.097
84.	0.921311	0.0216616	115971.	0.659777	0.299694	1.24326	31.7667	39.1993
85.	0.917416	0.0224084	122373.	0.657979	0.294238	1.23127	32.7971	40.2813
86.	0.91343	0.0231412	128990.	0.656171	0.288736	1.21919	33.8029	41.3381
87.	0.909357	0.0238566	135817.	0.654357	0.283199	1.20705	34.7792	42.3649
88.	0.905204	0.0245514	142849.	0.652541	0.277641	1.19488	35.7216	43.3569
89.	0.900977	0.0252226	150080.	0.650728	0.272074	1.1827	36.6258	44.3096
90.	0.896683	0.0258671	157502.	0.64892	0.266511	1.17053	37.4877	45.2186
91.	0.892329	0.026482	165106.	0.647124	0.260966	1.15841	38.3032	46.0799
92.	0.887921	0.0270648	172885.	0.645342	0.255452	1.14635	39.069	46.8895
93.	0.883467	0.0276129	180828.	0.64358	0.249983	1.13437	39.7817	47.6442
94.	0.878974	0.0281242	188926.	0.641841	0.244572	1.12251	40.4385	48.3408
95.	0.874449	0.0285968	197166.	0.640129	0.239231	1.11079	41.0369	48.9767
96.	0.8699	0.0290289	205537.	0.638449	0.233975	1.09922	41.575	49.5498
97.	0.865335	0.0294193	214028.	0.636804	0.228814	1.08782	42.051	50.0581
98.	0.860759	0.0297668	222627.	0.635197	0.223762	1.07661	42.4639	50.5004
99.	0.856181	0.0300707	231319.	0.633632	0.218829	1.06562	42.8129	50.8759
100.	0.851606	0.0303305	240094.	0.632112	0.214025	1.05485	43.0976	51.1841
101.	0.847042	0.030546	248938.	0.63064	0.209362	1.04431	43.3183	51.4251
102.	0.842494	0.0307173	257838.	0.629218	0.204848	1.03402	43.4754	51.5992
103.	0.837969	0.0308447	266781.	0.627849	0.200491	1.024	43.5698	51.7073
104.	0.833471	0.030929	275756.	0.626535	0.1963	1.01424	43.6027	51.7507
105.	0.829007	0.0309709	284748.	0.625277	0.192282	1.00477	43.5758	51.7307
106.	0.824582	0.0309716	293747.	0.624078	0.188441	0.995572	43.4908	51.6493
107.	0.820199	0.0309322	302739.	0.622938	0.184784	0.986666	43.3499	51.5086
108.	0.815863	0.0308542	311715.	0.621858	0.181316	0.978052	43.1554	51.3109
109.	0.811578	0.0307393	320663.	0.62084	0.178039	0.969732	42.9099	51.0589
110.	0.807348	0.030589	329572.	0.619884	0.174956	0.961708	42.616	50.7551
111.	0.803174	0.0304052	338433.	0.61899	0.17207	0.953979	42.2765	50.4026
112.	0.799061	0.0301898	347236.	0.618159	0.169382	0.946546	41.8943	50.0042
113.	0.79501	0.0299448	355971.	0.61739	0.166893	0.939406	41.4723	49.563
114.	0.791024	0.0296721	364632.	0.616683	0.164602	0.932558	41.0137	49.082
115.	0.787105	0.0293737	373209.	0.616038	0.162509	0.925997	40.5212	48.5644
116.	0.783253	0.0290517	381696.	0.615454	0.160613	0.91972	39.998	48.0133
117.	0.779471	0.028708	390087.	0.614931	0.158912	0.913723	39.447	47.4316
118.	0.775759	0.0283447	398375.	0.614467	0.157404	0.908001	38.8709	46.8225
119.	0.772118	0.0279636	406554.	0.614062	0.156085	0.902548	38.2728	46.1887
120.	0.768548	0.0275667	414621.	0.613715	0.154953	0.897359	37.6552	45.5333
121.	0.76505	0.0271558	422570.	0.613424	0.154004	0.892428	37.0208	44.8588
122.	0.761624	0.0267326	430398.	0.613188	0.153235	0.887748	36.3721	44.168
123.	0.75827	0.0262989	438101.	0.613006	0.152641	0.883313	35.7115	43.4634
124.	0.754987	0.0258564	445677.	0.612876	0.152217	0.879117	35.0414	42.7474
125.	0.751775	0.0254064	453124.	0.612797	0.15196	0.875151	34.3637	42.0222
126.	0.748634	0.0249506	460439.	0.612768	0.151863	0.871411	33.6807	41.2901
127.	0.745563	0.0244902	467620.	0.612786	0.151923	0.867888	32.994	40.5529
128.	0.742561	0.0240266	474668.	0.612851	0.152134	0.864575	32.3056	39.8127
129.	0.739627	0.0235609	481580.	0.61296	0.15249	0.861467	31.6171	39.0711
130.	0.736761	0.0230944	488357.	0.613112	0.152987	0.858555	30.93	38.3299
131.	0.733962	0.0226279	494999.	0.613306	0.153619	0.855834	30.2456	37.5904
132.	0.731228	0.0221626	501505.	0.613539	0.15438	0.853295	29.5652	36.854
133.	0.728558	0.0216993	507876.	0.613811	0.155266	0.850933	28.89	36.1221
134.	0.725952	0.0212387	514113.	0.614119	0.15627	0.848741	28.2211	35.3957
135.	0.723408	0.0207816	520217.	0.614463	0.157388	0.846713	27.5594	34.676
136.	0.720924	0.0203287	526188.	0.61484	0.158615	0.844841	26.9057	33.9637
137.	0.7185	0.0198806	532029.	0.615248	0.159944	0.843121	26.2607	33.2598
138.	0.716135	0.0194378	537740.	0.615688	0.161371	0.841545	25.6252	32.565
139.	0.713826	0.0190008	543323.	0.616156	0.162891	0.840108	24.9997	31.88
140.	0.711573	0.0185699	548780.	0.616651	0.164498	0.838804	24.3846	31.2053
141.	0.709375	0.0181456	554113.	0.617173	0.166189	0.837627	23.7805	30.5413
142.	0.70723	0.0177282	559324.	0.617719	0.167957	0.836573	23.1877	29.8886
143.	0.705137	0.0173179	564415.	0.618288	0.169799	0.835635	22.6064	29.2475
144.	0.703095	0.016915	569387.	0.618879	0.171711	0.834809	22.037	28.6182
145.	0.701103	0.0165196	574244.	0.619491	0.173686	0.834089	21.4794	28.001
146.	0.699158	0.016132	578986.	0.620122	0.175723	0.833471	20.9341	27.396
147.	0.697261	0.0157521	583617.	0.620771	0.177815	0.832951	20.4008	26.8035
148.	0.695409	0.0153802	588139.	0.621437	0.17996	0.832522	19.8799	26.2234
149.	0.693602	0.0150162	592554.	0.622119	0.182153	0.832182	19.3711	25.6559
150.	0.691838	0.0146602	596865.	0.622815	0.184391	0.831926	18.8746	25.101
151.	0.690117	0.0143122	601073.	0.623525	0.18667	0.83175	18.3903	24.5585
152.	0.688437	0.0139721	605182.	0.624248	0.188988	0.831649	17.918	24.0285
153.	0.686796	0.0136401	609192.	0.624983	0.191339	0.831621	17.4577	23.5109
154.	0.685195	0.0133159	613108.	0.625728	0.193722	0.831662	17.0092	23.0056
155.	0.683632	0.0129996	616930.	0.626483	0.196133	0.831768	16.5725	22.5125
156.	0.682106	0.0126911	620661.	0.627246	0.19857	0.831935	16.1472	22.0314
157.	0.680615	0.0123902	624304.	0.628018	0.20103	0.832162	15.7333	21.5621
158.	0.679159	0.0120969	627861.	0.628797	0.203509	0.832443	15.3306	21.1045
159.	0.677738	0.011811	631334.	0.629583	0.206007	0.832778	14.9388	20.6585
160.	0.676349	0.0115325	634724.	0.630374	0.208519	0.833162	14.5579	20.2237
161.	0.674992	0.0112613	638035.	0.631171	0.211044	0.833593	14.1874	19.8001
162.	0.673666	0.0109971	641268.	0.631971	0.21358	0.834068	13.8273	19.3873
163.	0.672371	0.0107398	644426.	0.632776	0.216124	0.834585	13.4772	18.9853
164.	0.671105	0.0104894	647509.	0.633584	0.218676	0.835142	13.1371	18.5936
165.	0.669868	0.0102457	650521.	0.634394	0.221232	0.835735	12.8065	18.2123
166.	0.668658	0.0100085	653463.	0.635206	0.223791	0.836364	12.4854	17.8409
167.	0.667476	0.00977774	656337.	0.63602	0.226351	0.837026	12.1735	17.4793
168.	0.66632	0.0095532	659145.	0.636835	0.228912	0.837718	11.8705	17.1273
169.	0.665189	0.00933475	661888.	0.63765	0.23147	0.838439	11.5762	16.7846
170.	0.664083	0.00912225	664569.	0.638465	0.234026	0.839187	11.2904	16.451
171.	0.663002	0.00891557	667189.	0.63928	0.236577	0.839961	11.0128	16.1262
172.	0.661944	0.00871454	669750.	0.640094	0.239123	0.840758	10.7433	15.8101
173.	0.660908	0.00851903	672253.	0.640908	0.241662	0.841577	10.4816	15.5024
174.	0.659895	0.00832889	674700.	0.641719	0.244194	0.842416	10.2274	15.2029
175.	0.658903	0.00814398	677093.	0.642529	0.246716	0.843275	9.98066	14.9113
176.	0.657933	0.00796417	679432.	0.643337	0.249229	0.844151	9.74106	14.6276
177.	0.656982	0.00778931	681720.	0.644142	0.251731	0.845043	9.50841	14.3513
178.	0.656052	0.00761926	683959.	0.644945	0.254221	0.845951	9.28251	14.0825
179.	0.655141	0.00745391	686148.	0.645744	0.256699	0.846872	9.06316	13.8207
180.	0.654248	0.00729311	688290.	0.646541	0.259165	0.847805	8.85017	13.5659
181.	0.653374	0.00713673	690386.	0.647334	0.261616	0.848751	8.64334	13.3179
182.	0.652517	0.00698466	692437.	0.648123	0.264054	0.849707	8.44249	13.0764
183.	0.651678	0.00683676	694445.	0.648909	0.266476	0.850672	8.24744	12.8412
184.	0.650855	0.00669293	696410.	0.64969	0.268883	0.851646	8.05802	12.6123
185.	0.650049	0.00655303	698334.	0.650468	0.271274	0.852627	7.87404	12.3893
186.	0.649259	0.00641696	700218.	0.65124	0.273649	0.853615	7.69535	12.1722
187.	0.648484	0.00628461	702063.	0.652009	0.276008	0.85461	7.52178	11.9608
188.	0.647724	0.00615586	703870.	0.652772	0.278349	0.855609	7.35317	11.7548
189.	0.646979	0.00603062	705640.	0.653531	0.280673	0.856613	7.18937	11.5542
190.	0.646248	0.00590877	707374.	0.654285	0.282979	0.857621	7.03022	11.3587
191.	0.645531	0.00579022	709073.	0.655034	0.285267	0.858632	6.8756	11.1683
192.	0.644828	0.00567487	710738.	0.655778	0.287537	0.859645	6.72534	10.9828
193.	0.644137	0.00556262	712371.	0.656517	0.289788	0.86066	6.57932	10.802
194.	0.64346	0.00545338	713971.	0.65725	0.292021	0.861677	6.43741	10.6258
195.	0.642794	0.00534707	715539.	0.657978	0.294236	0.862694	6.29947	10.4541
196.	0.642141	0.00524359	717078.	0.658701	0.296431	0.863712	6.16539	10.2867
197.	0.6415	0.00514286	718586.	0.659418	0.298607	0.86473	6.03503	10.1235
198.	0.640871	0.00504479	720066.	0.66013	0.300764	0.865746	5.90829	9.96438
199.	0.640252	0.00494932	721518.	0.660836	0.302902	0.866762	5.78505	9.80922
200.	0.639645	0.00485636	722942.	0.661536	0.305021	0.867777	5.66521	9.65791
201.	0.639048	0.00476583	724340.	0.662231	0.307121	0.868789	5.54865	9.51033
202.	0.638462	0.00467767	725711.	0.66292	0.309201	0.8698	5.43527	9.36636
203.	0.637886	0.0045918	727058.	0.663604	0.311262	0.870807	5.32498	9.22591
204.	0.637319	0.00450815	728380.	0.664281	0.313303	0.871812	5.21768	9.08887
205.	0.636763	0.00442667	729677.	0.664953	0.315326	0.872814	5.11327	8.95514
206.	0.636215	0.00434727	730952.	0.66562	0.317329	0.873812	5.01166	8.82463
207.	0.635677	0.00426991	732204.	0.66628	0.319312	0.874807	4.91278	8.69723
208.	0.635148	0.00419452	733433.	0.666935	0.321277	0.875798	4.81653	8.57287
209.	0.634628	0.00412104	734641.	0.667584	0.323223	0.876784	4.72283	8.45145
210.	0.634116	0.00404942	735828.	0.668228	0.325149	0.877766	4.6316	8.33288
211.	0.633612	0.0039796	736994.	0.668865	0.327057	0.878744	4.54278	8.21709
212.	0.633116	0.00391153	738140.	0.669497	0.328945	0.879717	4.45627	8.10399
213.	0.632629	0.00384516	739267.	0.670123	0.330815	0.880684	4.37202	7.99351
214.	0.632149	0.00378043	740374.	0.670744	0.332667	0.881647	4.28996	7.88557
215.	0.631676	0.00371731	741463.	0.671359	0.3345	0.882604	4.21001	7.7801
216.	0.631211	0.00365573	742534.	0.671968	0.336314	0.883556	4.13212	7.67703
217.	0.630753	0.00359567	743588.	0.672572	0.33811	0.884502	4.05621	7.57628
218.	0.630303	0.00353706	744624.	0.67317	0.339888	0.885443	3.98224	7.47781
219.	0.629859	0.00347988	745643.	0.673763	0.341648	0.886378	3.91014	7.38153
220.	0.629421	0.00342408	746646.	0.67435	0.34339	0.887306	3.83986	7.28739
221.	0.62899	0.00336962	747633.	0.674931	0.345114	0.888229	3.77134	7.19533
222.	0.628566	0.00331646	748604.	0.675508	0.34682	0.889146	3.70453	7.10529
223.	0.628148	0.00326457	749560.	0.676078	0.348509	0.890057	3.63938	7.01721
224.	0.627736	0.0032139	750501.	0.676644	0.350181	0.890961	3.57583	6.93105
225.	0.62733	0.00316443	751427.	0.677204	0.351836	0.891859	3.51385	6.84674
226.	0.626929	0.00311612	752339.	0.677758	0.353473	0.89275	3.45339	6.76424
227.	0.626535	0.00306893	753238.	0.678308	0.355094	0.893636	3.39439	6.68349
228.	0.626146	0.00302284	754123.	0.678852	0.356698	0.894514	3.33683	6.60445
229.	0.625762	0.00297782	754994.	0.679391	0.358285	0.895387	3.28065	6.52707
230.	0.625384	0.00293383	755853.	0.679925	0.359856	0.896252	3.22581	6.45131
231.	0.625011	0.00289084	756699.	0.680454	0.361411	0.897111	3.17229	6.37712
232.	0.624643	0.00284884	757533.	0.680977	0.362949	0.897964	3.12003	6.30447
233.	0.62428	0.00280778	758354.	0.681496	0.364472	0.89881	3.06901	6.2333
234.	0.623922	0.00276765	759164.	0.68201	0.365979	0.899649	3.01918	6.16358
235.	0.623569	0.00272842	759962.	0.682518	0.367471	0.900481	2.97052	6.09528
236.	0.62322	0.00269006	760750.	0.683022	0.368947	0.901307	2.92299	6.02834
237.	0.622876	0.00265256	761526.	0.683521	0.370407	0.902126	2.87655	5.96275
238.	0.622536	0.00261588	762291.	0.684016	0.371853	0.902939	2.83119	5.89846
239.	0.622201	0.00258001	763046.	0.684505	0.373284	0.903745	2.78686	5.83543
240.	0.62187	0.00254492	763790.	0.68499	0.3747	0.904544	2.74354	5.77365
241.	0.621543	0.00251059	764524.	0.68547	0.376101	0.905336	2.7012	5.71306
242.	0.62122	0.00247701	765249.	0.685946	0.377488	0.906122	2.65982	5.65365
243.	0.620902	0.00244415	765964.	0.686417	0.378861	0.906902	2.61936	5.59539
244.	0.620587	0.00241199	766669.	0.686883	0.380219	0.907674	2.5798	5.53823
245.	0.620276	0.00238051	767365.	0.687345	0.381564	0.90844	2.54112	5.48216
246.	0.619969	0.00234971	768052.	0.687802	0.382895	0.9092	2.50329	5.42715
247.	0.619666	0.00231955	768730.	0.688256	0.384212	0.909953	2.46629	5.37317
248.	0.619366	0.00229003	769400.	0.688704	0.385516	0.910699	2.4301	5.32019
249.	0.61907	0.00226112	770061.	0.689149	0.386806	0.911439	2.39469	5.2682
250.	0.618777	0.00223281	770714.	0.689589	0.388083	0.912172	2.36005	5.21716
251.	0.618488	0.00220508	771358.	0.690025	0.389347	0.912899	2.32615	5.16705
252.	0.618202	0.00217793	771995.	0.690457	0.390599	0.91362	2.29298	5.11785
253.	0.61792	0.00215132	772624.	0.690885	0.391837	0.914334	2.26051	5.06954
254.	0.61764	0.00212526	773245.	0.691308	0.393063	0.915041	2.22873	5.0221
255.	0.617364	0.00209973	773859.	0.691728	0.394277	0.915743	2.19761	4.97549
256.	0.617091	0.00207471	774465.	0.692144	0.395478	0.916438	2.16715	4.92971
257.	0.616821	0.00205019	775064.	0.692555	0.396667	0.917127	2.13732	4.88474
258.	0.616553	0.00202616	775656.	0.692963	0.397845	0.917809	2.1081	4.84055
259.	0.616289	0.00200261	776242.	0.693367	0.39901	0.918486	2.07949	4.79713
260.	0.616028	0.00197952	776820.	0.693767	0.400164	0.919156	2.05146	4.75445
261.	0.615769	0.00195688	777392.	0.694163	0.401306	0.919821	2.02401	4.7125
262.	0.615514	0.00193469	777957.	0.694556	0.402437	0.920479	1.9971	4.67127
263.	0.615261	0.00191292	778516.	0.694945	0.403556	0.921131	1.97075	4.63073
264.	0.61501	0.00189158	779069.	0.69533	0.404665	0.921777	1.94492	4.59088
265.	0.614762	0.00187064	779615.	0.695712	0.405762	0.922417	1.9196	4.55169
266.	0.614517	0.00185011	780156.	0.69609	0.406849	0.923052	1.89479	4.51314
267.	0.614274	0.00182996	780690.	0.696464	0.407924	0.92368	1.87046	4.47523
268.	0.614034	0.0018102	781219.	0.696835	0.408989	0.924303	1.84662	4.43794
269.	0.613796	0.00179081	781742.	0.697203	0.410044	0.92492	1.82324	4.40126
270.	0.613561	0.00177178	782259.	0.697567	0.411089	0.925531	1.80031	4.36517
271.	0.613328	0.00175311	782771.	0.697928	0.412123	0.926137	1.77783	4.32965
272.	0.613097	0.00173478	783278.	0.698285	0.413147	0.926737	1.75577	4.2947
273.	0.612868	0.00171679	783779.	0.698639	0.414161	0.927331	1.73414	4.26031
274.	0.612642	0.00169913	784276.	0.69899	0.415165	0.92792	1.71292	4.22646
275.	0.612418	0.0016818	784767.	0.699338	0.416159	0.928504	1.69211	4.19313
276.	0.612196	0.00166478	785253.	0.699682	0.417144	0.929082	1.67168	4.16032
277.	0.611976	0.00164806	785734.	0.700024	0.41812	0.929654	1.65163	4.12802
278.	0.611758	0.00163165	786210.	0.700362	0.419086	0.930222	1.63196	4.09621
279.	0.611542	0.00161553	786682.	0.700697	0.420042	0.930784	1.61266	4.06489
280.	0.611329	0.0015997	787149.	0.701029	0.42099	0.93134	1.59371	4.03404
281.	0.611117	0.00158415	787612.	0.701358	0.421929	0.931892	1.5751	4.00365
282.	0.610907	0.00156887	788070.	0.701684	0.422858	0.932438	1.55684	3.97371
283.	0.610699	0.00155386	788523.	0.702007	0.423779	0.932979	1.53891	3.94423
284.	0.610493	0.00153911	788972.	0.702328	0.424691	0.933515	1.5213	3.91517
285.	0.610288	0.00152462	789417.	0.702645	0.425595	0.934046	1.504	3.88654
286.	0.610086	0.00151038	789858.	0.702959	0.42649	0.934572	1.48702	3.85833
287.	0.609885	0.00149639	790295.	0.703271	0.427376	0.935094	1.47034	3.83052
288.	0.609686	0.00148263	790728.	0.70358	0.428255	0.93561	1.45395	3.80312
289.	0.609489	0.00146911	791156.	0.703886	0.429125	0.936121	1.43785	3.7761
290.	0.609293	0.00145582	791581.	0.70419	0.429987	0.936628	1.42203	3.74947
291.	0.609099	0.00144275	792002.	0.70449	0.430841	0.93713	1.40649	3.72321
292.	0.608907	0.0014299	792420.	0.704789	0.431687	0.937627	1.39122	3.69732
293.	0.608716	0.00141726	792833.	0.705084	0.432526	0.938119	1.37621	3.67179
294.	0.608527	0.00140484	793243.	0.705377	0.433356	0.938607	1.36145	3.64662
295.	0.608339	0.00139262	793649.	0.705667	0.434179	0.93909	1.34695	3.62179
296.	0.608153	0.0013806	794052.	0.705955	0.434995	0.939569	1.3327	3.59729
297.	0.607969	0.00136878	794452.	0.70624	0.435803	0.940043	1.31868	3.57314
298.	0.607785	0.00135715	794848.	0.706523	0.436604	0.940513	1.3049	3.5493
299.	0.607604	0.00134571	795240.	0.706804	0.437397	0.940978	1.29135	3.52579
300.	0.607424	0.00133446	795630.	0.707082	0.438184	0.941439	1.27803	3.50258
301.	0.607245	0.00132338	796016.	0.707357	0.438963	0.941896	1.26493	3.47969
302.	0.607067	0.00131249	796399.	0.70763	0.439735	0.942348	1.25204	3.45709
303.	0.606891	0.00130176	796778.	0.707901	0.4405	0.942796	1.23936	3.43479
304.	0.606717	0.00129121	797155.	0.70817	0.441259	0.94324	1.22689	3.41278
305.	0.606543	0.00128082	797528.	0.708436	0.442011	0.94368	1.21462	3.39106
306.	0.606371	0.0012706	797899.	0.7087	0.442756	0.944116	1.20255	3.36961
307.	0.606201	0.00126053	798267.	0.708962	0.443494	0.944547	1.19068	3.34843
308.	0.606031	0.00125063	798632.	0.709221	0.444226	0.944975	1.17899	3.32753
309.	0.605863	0.00124087	798993.	0.709479	0.444952	0.945398	1.16749	3.30688
310.	0.605696	0.00123127	799353.	0.709734	0.445671	0.945818	1.15617	3.2865
311.	0.60553	0.00122181	799709.	0.709987	0.446384	0.946233	1.14503	3.26636
312.	0.605366	0.0012125	800062.	0.710238	0.447091	0.946645	1.13406	3.24648
313.	0.605202	0.00120333	800413.	0.710487	0.447792	0.947053	1.12326	3.22684
314.	0.60504	0.00119429	800762.	0.710733	0.448486	0.947457	1.11264	3.20744
315.	0.604879	0.00118539	801107.	0.710978	0.449175	0.947857	1.10217	3.18827
316.	0.604719	0.00117663	801450.	0.711221	0.449858	0.948253	1.09187	3.16934
317.	0.60456	0.001168	801791.	0.711462	0.450534	0.948646	1.08172	3.15063
318.	0.604403	0.00115949	802129.	0.7117	0.451205	0.949035	1.07173	3.13214
319.	0.604246	0.00115111	802465.	0.711937	0.451871	0.949421	1.06188	3.11387
320.	0.60409	0.00114286	802798.	0.712172	0.452531	0.949803	1.05219	3.09582
321.	0.603936	0.00113472	803129.	0.712405	0.453185	0.950181	1.04264	3.07798
322.	0.603782	0.0011267	803457.	0.712636	0.453833	0.950556	1.03323	3.06034
323.	0.60363	0.0011188	803783.	0.712865	0.454476	0.950927	1.02397	3.04291
324.	0.603478	0.00111102	804107.	0.713093	0.455114	0.951295	1.01484	3.02568
325.	0.603328	0.00110334	804429.	0.713318	0.455747	0.951659	1.00584	3.00864
326.	0.603178	0.00109578	804748.	0.713542	0.456374	0.952021	0.996976	2.9918
327.	0.60303	0.00108832	805066.	0.713764	0.456996	0.952378	0.98824	2.97515
328.	0.602882	0.00108097	805381.	0.713984	0.457613	0.952733	0.97963	2.95868
329.	0.602735	0.00107372	805694.	0.714202	0.458224	0.953084	0.971144	2.9424
330.	0.60259	0.00106658	806005.	0.714419	0.458831	0.953432	0.96278	2.9263
331.	0.602445	0.00105953	806313.	0.714634	0.459433	0.953776	0.954535	2.91037
332.	0.602301	0.00105258	806620.	0.714847	0.46003	0.954118	0.946407	2.89462
333.	0.602158	0.00104573	806925.	0.715059	0.460622	0.954456	0.938394	2.87904
334.	0.602016	0.00103897	807228.	0.715269	0.461209	0.954791	0.930493	2.86362
335.	0.601875	0.00103231	807529.	0.715477	0.461792	0.955123	0.922703	2.84838
336.	0.601734	0.00102574	807828.	0.715684	0.462369	0.955452	0.915022	2.83329
337.	0.601595	0.00101925	808125.	0.715889	0.462942	0.955778	0.907446	2.81837
338.	0.601456	0.00101286	808420.	0.716093	0.463511	0.956101	0.899975	2.8036
339.	0.601318	0.00100655	808713.	0.716295	0.464075	0.956421	0.892607	2.78899
340.	0.601181	0.00100033	809005.	0.716495	0.464635	0.956738	0.885339	2.77453
341.	0.601044	0.000994184	809294.	0.716694	0.46519	0.957053	0.87817	2.76021
342.	0.600909	0.000988125	809582.	0.716891	0.46574	0.957364	0.871098	2.74605
343.	0.600774	0.000982147	809869.	0.717087	0.466287	0.957672	0.864122	2.73203
344.	0.60064	0.000976247	810153.	0.717282	0.466829	0.957978	0.857238	2.71816
345.	0.600507	0.000970425	810436.	0.717475	0.467367	0.958281	0.850447	2.70442
346.	0.600374	0.00096468	810717.	0.717666	0.4679	0.958581	0.843746	2.69083
347.	0.600243	0.000959009	810996.	0.717856	0.46843	0.958878	0.837133	2.67736
348.	0.600112	0.000953412	811274.	0.718045	0.468955	0.959173	0.830607	2.66404
349.	0.599981	0.000947887	811550.	0.718232	0.469477	0.959465	0.824166	2.65084
350.	0.599852	0.000942433	811825.	0.718418	0.469994	0.959754	0.81781	2.63778
351.	0.599723	0.00093705	812098.	0.718602	0.470508	0.96004	0.811535	2.62484
352.	0.599595	0.000931735	812369.	0.718785	0.471017	0.960324	0.805342	2.61203
353.	0.599467	0.000926487	812639.	0.718967	0.471523	0.960606	0.799228	2.59934
354.	0.59934	0.000921306	812908.	0.719147	0.472025	0.960885	0.793193	2.58677
355.	0.599214	0.00091619	813175.	0.719327	0.472522	0.961161	0.787234	2.57432
356.	0.599089	0.000911139	813440.	0.719504	0.473017	0.961435	0.781351	2.562
357.	0.598964	0.000906151	813704.	0.719681	0.473507	0.961706	0.775542	2.54978
358.	0.59884	0.000901224	813966.	0.719856	0.473994	0.961975	0.769805	2.53769
359.	0.598716	0.000896359	814228.	0.72003	0.474477	0.962241	0.764141	2.5257
360.	0.598593	0.000891554	814487.	0.720203	0.474957	0.962505	0.758547	2.51383
361.	0.598471	0.000886808	814746.	0.720374	0.475433	0.962767	0.753022	2.50207
362.	0.59835	0.00088212	815003.	0.720544	0.475906	0.963026	0.747565	2.49041
363.	0.598228	0.000877489	815258.	0.720713	0.476375	0.963283	0.742175	2.47886
364.	0.598108	0.000872914	815512.	0.720881	0.476841	0.963538	0.736851	2.46742
365.	0.597988	0.000868395	815765.	0.721048	0.477303	0.96379	0.731591	2.45608
366.	0.597869	0.00086393	816017.	0.721213	0.477762	0.96404	0.726395	2.44484
367.	0.59775	0.000859518	816267.	0.721378	0.478217	0.964288	0.721262	2.4337
368.	0.597632	0.000855159	816516.	0.721541	0.47867	0.964534	0.71619	2.42266
369.	0.597515	0.000850852	816764.	0.721703	0.479119	0.964777	0.711179	2.41172
370.	0.597398	0.000846596	817011.	0.721864	0.479564	0.965018	0.706227	2.40087
371.	0.597281	0.000842391	817256.	0.722024	0.480007	0.965257	0.701334	2.39012
372.	0.597165	0.000838234	817500.	0.722182	0.480446	0.965494	0.696498	2.37946
373.	0.59705	0.000834126	817743.	0.72234	0.480883	0.965729	0.691719	2.36889
374.	0.596935	0.000830066	817985.	0.722496	0.481316	0.965962	0.686996	2.35842
375.	0.596821	0.000826054	818225.	0.722652	0.481746	0.966193	0.682327	2.34803
376.	0.596707	0.000822087	818465.	0.722806	0.482173	0.966421	0.677713	2.33773
377.	0.596594	0.000818166	818703.	0.722959	0.482598	0.966648	0.673151	2.32752
378.	0.596481	0.00081429	818940.	0.723112	0.483019	0.966872	0.668642	2.3174
379.	0.596369	0.000810459	819176.	0.723263	0.483437	0.967095	0.664184	2.30736
380.	0.596257	0.000806671	819411.	0.723413	0.483852	0.967315	0.659777	2.2974
381.	0.596146	0.000802925	819645.	0.723562	0.484265	0.967534	0.65542	2.28753
382.	0.596035	0.000799222	819878.	0.723711	0.484675	0.967751	0.651111	2.27773
383.	0.595925	0.000795561	820109.	0.723858	0.485082	0.967965	0.646851	2.26802
384.	0.595815	0.000791941	820340.	0.724004	0.485486	0.968178	0.642639	2.25839
385.	0.595706	0.000788361	820569.	0.724149	0.485887	0.968389	0.638473	2.24883
386.	0.595597	0.00078482	820798.	0.724294	0.486286	0.968598	0.634353	2.23935
387.	0.595489	0.000781319	821025.	0.724437	0.486682	0.968805	0.630278	2.22995
388.	0.595381	0.000777856	821252.	0.72458	0.487075	0.969011	0.626249	2.22062
389.	0.595273	0.000774432	821477.	0.724721	0.487465	0.969214	0.622263	2.21137
390.	0.595166	0.000771044	821702.	0.724862	0.487853	0.969416	0.61832	2.20219
391.	0.59506	0.000767694	821925.	0.725001	0.488239	0.969616	0.61442	2.19308
392.	0.594954	0.00076438	822148.	0.72514	0.488622	0.969815	0.610562	2.18404
393.	0.594848	0.000761101	822370.	0.725278	0.489002	0.970011	0.606745	2.17507
394.	0.594743	0.000757858	822590.	0.725415	0.48938	0.970206	0.602969	2.16617
395.	0.594638	0.00075465	822810.	0.725551	0.489755	0.970399	0.599233	2.15734
396.	0.594533	0.000751476	823029.	0.725687	0.490128	0.970591	0.595537	2.14858
397.	0.594429	0.000748335	823247.	0.725821	0.490498	0.97078	0.59188	2.13988
398.	0.594326	0.000745228	823463.	0.725955	0.490866	0.970969	0.588261	2.13125
399.	0.594223	0.000742154	823680.	0.726087	0.491232	0.971155	0.584679	2.12269
400.	0.59412	0.000739112	823895.	0.726219	0.491595	0.97134	0.581135	2.11419
401.	0.594018	0.000736101	824109.	0.72635	0.491956	0.971523	0.577628	2.10575
402.	0.593916	0.000733122	824322.	0.72648	0.492315	0.971705	0.574156	2.09737
403.	0.593814	0.000730174	824535.	0.72661	0.492671	0.971885	0.570721	2.08906
404.	0.593713	0.000727257	824747.	0.726739	0.493025	0.972063	0.56732	2.08081
405.	0.593612	0.000724369	824957.	0.726866	0.493377	0.97224	0.563954	2.07261
406.	0.593512	0.000721511	825168.	0.726993	0.493727	0.972416	0.560622	2.06448
407.	0.593412	0.000718683	825377.	0.72712	0.494074	0.97259	0.557324	2.05641
408.	0.593312	0.000715883	825585.	0.727245	0.494419	0.972762	0.554058	2.04839
409.	0.593213	0.000713111	825793.	0.72737	0.494762	0.972933	0.550826	2.04043
410.	0.593114	0.000710368	825999.	0.727494	0.495103	0.973102	0.547625	2.03253
411.	0.593015	0.000707652	826205.	0.727617	0.495442	0.97327	0.544457	2.02468
412.	0.592917	0.000704963	826411.	0.72774	0.495779	0.973437	0.541319	2.01689
413.	0.592819	0.000702302	826615.	0.727862	0.496113	0.973602	0.538212	2.00916
414.	0.592722	0.000699666	826819.	0.727983	0.496446	0.973766	0.535136	2.00148
415.	0.592624	0.000697057	827022.	0.728103	0.496776	0.973928	0.53209	1.99385
416.	0.592528	0.000694474	827224.	0.728223	0.497105	0.974089	0.529073	1.98627
417.	0.592431	0.000691916	827425.	0.728341	0.497432	0.974248	0.526086	1.97875
418.	0.592335	0.000689383	827626.	0.72846	0.497756	0.974406	0.523127	1.97128
419.	0.592239	0.000686874	827826.	0.728577	0.498079	0.974563	0.520196	1.96385
420.	0.592144	0.000684391	828025.	0.728694	0.498399	0.974719	0.517294	1.95648
421.	0.592049	0.000681931	828223.	0.72881	0.498718	0.974873	0.514419	1.94916
422.	0.591954	0.000679495	828421.	0.728926	0.499035	0.975025	0.511571	1.94189
423.	0.591859	0.000677082	828618.	0.72904	0.49935	0.975177	0.50875	1.93467
424.	0.591765	0.000674693	828814.	0.729155	0.499663	0.975327	0.505956	1.92749
425.	0.591671	0.000672326	829010.	0.729268	0.499974	0.975476	0.503187	1.92036
426.	0.591578	0.000669982	829205.	0.729381	0.500284	0.975624	0.500445	1.91328
427.	0.591485	0.000667659	829399.	0.729493	0.500591	0.97577	0.497727	1.90625
428.	0.591392	0.000665359	829593.	0.729605	0.500897	0.975915	0.495035	1.89926
429.	0.591299	0.000663081	829786.	0.729716	0.501201	0.976059	0.492368	1.89232
430.	0.591207	0.000660824	829978.	0.729826	0.501504	0.976202	0.489725	1.88542
431.	0.591115	0.000658587	830170.	0.729936	0.501804	0.976343	0.487106	1.87856
432.	0.591023	0.000656372	830361.	0.730045	0.502103	0.976484	0.48451	1.87175
433.	0.590932	0.000654177	830551.	0.730153	0.5024	0.976623	0.481939	1.86499
434.	0.59084	0.000652003	830741.	0.730261	0.502696	0.976761	0.47939	1.85826
435.	0.59075	0.000649848	830930.	0.730368	0.502989	0.976897	0.476864	1.85158
436.	0.590659	0.000647713	831119.	0.730475	0.503282	0.977033	0.474361	1.84494
437.	0.590569	0.000645598	831306.	0.730581	0.503572	0.977167	0.47188	1.83835
438.	0.590479	0.000643501	831494.	0.730687	0.503861	0.977301	0.469421	1.83179
439.	0.590389	0.000641424	831680.	0.730792	0.504148	0.977433	0.466983	1.82527
440.	0.5903	0.000639366	831866.	0.730896	0.504434	0.977564	0.464567	1.8188
441.	0.590211	0.000637325	832052.	0.731	0.504718	0.977694	0.462172	1.81236
442.	0.590122	0.000635304	832237.	0.731103	0.505	0.977823	0.459798	1.80597
443.	0.590033	0.0006333	832421.	0.731206	0.505281	0.977951	0.457445	1.79961
444.	0.589945	0.000631314	832605.	0.731308	0.50556	0.978078	0.455112	1.79329
445.	0.589857	0.000629346	832788.	0.731409	0.505838	0.978203	0.452799	1.78701
446.	0.589769	0.000627395	832970.	0.73151	0.506115	0.978328	0.450506	1.78077
447.	0.589681	0.000625461	833152.	0.731611	0.506389	0.978452	0.448232	1.77456
448.	0.589594	0.000623544	833334.	0.731711	0.506663	0.978574	0.445977	1.76839
449.	0.589507	0.000621644	833515.	0.73181	0.506935	0.978696	0.443742	1.76226
450.	0.58942	0.00061976	833695.	0.731909	0.507205	0.978816	0.441526	1.75617
451.	0.589334	0.000617892	833875.	0.732008	0.507474	0.978936	0.439328	1.75011
452.	0.589247	0.000616041	834054.	0.732106	0.507742	0.979055	0.437148	1.74408
453.	0.589161	0.000614206	834233.	0.732203	0.508008	0.979172	0.434987	1.73809
454.	0.589075	0.000612386	834411.	0.7323	0.508272	0.979289	0.432844	1.73214
455.	0.58899	0.000610582	834588.	0.732397	0.508536	0.979404	0.430718	1.72622
456.	0.588905	0.000608793	834766.	0.732492	0.508798	0.979519	0.42861	1.72033
457.	0.58882	0.000607019	834942.	0.732588	0.509058	0.979633	0.426519	1.71448
458.	0.588735	0.000605261	835118.	0.732683	0.509317	0.979746	0.424445	1.70866
459.	0.58865	0.000603517	835294.	0.732777	0.509575	0.979858	0.422388	1.70288
460.	0.588566	0.000601787	835469.	0.732871	0.509832	0.979969	0.420348	1.69712
461.	0.588482	0.000600072	835644.	0.732965	0.510087	0.980079	0.418324	1.6914
462.	0.588398	0.000598372	835818.	0.733058	0.510341	0.980188	0.416316	1.68572
463.	0.588314	0.000596685	835991.	0.733151	0.510594	0.980296	0.414325	1.68006
464.	0.588231	0.000595013	836164.	0.733243	0.510845	0.980403	0.412349	1.67443
465.	0.588147	0.000593354	836337.	0.733334	0.511095	0.98051	0.410389	1.66884
466.	0.588064	0.000591708	836509.	0.733426	0.511344	0.980615	0.408445	1.66328
467.	0.587982	0.000590076	836681.	0.733516	0.511592	0.98072	0.406516	1.65774
468.	0.587899	0.000588458	836852.	0.733607	0.511838	0.980824	0.404602	1.65224
469.	0.587817	0.000586852	837023.	0.733697	0.512083	0.980927	0.402703	1.64677
470.	0.587735	0.00058526	837193.	0.733786	0.512327	0.981029	0.400818	1.64133
471.	0.587653	0.00058368	837363.	0.733875	0.51257	0.981131	0.398949	1.63592
472.	0.587571	0.000582113	837532.	0.733964	0.512811	0.981231	0.397093	1.63053
473.	0.587489	0.000580558	837701.	0.734052	0.513051	0.981331	0.395253	1.62518
474.	0.587408	0.000579016	837869.	0.73414	0.513291	0.98143	0.393426	1.61985
475.	0.587327	0.000577486	838037.	0.734227	0.513529	0.981528	0.391613	1.61455
476.	0.587246	0.000575968	838205.	0.734314	0.513765	0.981625	0.389814	1.60928
477.	0.587166	0.000574462	838372.	0.734401	0.514001	0.981722	0.388028	1.60404
478.	0.587085	0.000572968	838539.	0.734487	0.514236	0.981817	0.386257	1.59883
479.	0.587005	0.000571486	838705.	0.734573	0.514469	0.981912	0.384498	1.59364
480.	0.586925	0.000570015	838871.	0.734658	0.514701	0.982007	0.382753	1.58848
481.	0.586845	0.000568555	839036.	0.734743	0.514933	0.9821	0.38102	1.58335
482.	0.586765	0.000567107	839201.	0.734827	0.515163	0.982193	0.379301	1.57824
483.	0.586686	0.00056567	839366.	0.734912	0.515392	0.982285	0.377594	1.57316
484.	0.586606	0.000564244	839530.	0.734995	0.51562	0.982376	0.3759	1.56811
485.	0.586527	0.000562829	839693.	0.735079	0.515847	0.982466	0.374218	1.56308
486.	0.586448	0.000561424	839857.	0.735162	0.516073	0.982556	0.372549	1.55808
487.	0.58637	0.000560031	840020.	0.735244	0.516297	0.982645	0.370891	1.5531
488.	0.586291	0.000558647	840182.	0.735327	0.516521	0.982733	0.369246	1.54815
489.	0.586213	0.000557274	840344.	0.735409	0.516744	0.982821	0.367613	1.54322
490.	0.586135	0.000555912	840506.	0.73549	0.516966	0.982908	0.365992	1.53832
491.	0.586057	0.00055456	840667.	0.735571	0.517186	0.982994	0.364382	1.53344
492.	0.585979	0.000553217	840828.	0.735652	0.517406	0.98308	0.362783	1.52859
493.	0.585901	0.000551885	840989.	0.735733	0.517625	0.983164	0.361197	1.52376
494.	0.585824	0.000550563	841149.	0.735813	0.517843	0.983249	0.359621	1.51895
495.	0.585747	0.00054925	841309.	0.735892	0.518059	0.983332	0.358057	1.51417
496.	0.58567	0.000547947	841468.	0.735972	0.518275	0.983415	0.356503	1.50941
497.	0.585593	0.000546654	841627.	0.736051	0.51849	0.983497	0.354961	1.50468
498.	0.585516	0.000545369	841786.	0.73613	0.518704	0.983579	0.353429	1.49996
499.	0.585439	0.000544095	841944.	0.736208	0.518917	0.983659	0.351908	1.49528
500.	0.585363	0.000542829	842102.	0.736286	0.519129	0.98374	0.350398	1.49061
501.	0.585287	0.000541573	842259.	0.736364	0.51934	0.983819	0.348898	1.48597
502.	0.585211	0.000540325	842416.	0.736441	0.51955	0.983898	0.347408	1.48134
503.	0.585135	0.000539087	842573.	0.736518	0.519759	0.983976	0.345929	1.47674
504.	0.585059	0.000537857	842730.	0.736595	0.519968	0.984054	0.34446	1.47217
505.	0.584984	0.000536636	842886.	0.736671	0.520175	0.984131	0.343001	1.46761
506.	0.584908	0.000535424	843041.	0.736747	0.520382	0.984208	0.341551	1.46308
507.	0.584833	0.000534221	843197.	0.736823	0.520587	0.984284	0.340112	1.45857
508.	0.584758	0.000533025	843352.	0.736899	0.520792	0.984359	0.338682	1.45407
509.	0.584683	0.000531839	843507.	0.736974	0.520996	0.984434	0.337262	1.4496
510.	0.584609	0.00053066	843661.	0.737049	0.521199	0.984508	0.335852	1.44515
511.	0.584534	0.00052949	843815.	0.737123	0.521402	0.984581	0.334451	1.44073
512.	0.58446	0.000528327	843968.	0.737197	0.521603	0.984654	0.333059	1.43632
513.	0.584385	0.000527173	844122.	0.737271	0.521803	0.984727	0.331676	1.43193
514.	0.584311	0.000526027	844275.	0.737345	0.522003	0.984799	0.330303	1.42756
515.	0.584237	0.000524888	844427.	0.737418	0.522202	0.98487	0.328939	1.42322
516.	0.584164	0.000523758	844580.	0.737491	0.5224	0.984941	0.327583	1.41889
517.	0.58409	0.000522635	844732.	0.737564	0.522597	0.985011	0.326237	1.41458
518.	0.584017	0.00052152	844883.	0.737637	0.522794	0.98508	0.324899	1.41029
519.	0.583943	0.000520412	845035.	0.737709	0.52299	0.985149	0.32357	1.40602
520.	0.58387	0.000519311	845186.	0.737781	0.523184	0.985218	0.322249	1.40177
521.	0.583797	0.000518218	845337.	0.737852	0.523379	0.985286	0.320937	1.39754
522.	0.583724	0.000517133	845487.	0.737923	0.523572	0.985353	0.319634	1.39333
523.	0.583651	0.000516054	845637.	0.737995	0.523764	0.98542	0.318339	1.38914
524.	0.583579	0.000514983	845787.	0.738065	0.523956	0.985487	0.317052	1.38497
525.	0.583506	0.000513919	845936.	0.738136	0.524147	0.985553	0.315773	1.38081
526.	0.583434	0.000512862	846085.	0.738206	0.524337	0.985618	0.314503	1.37667
527.	0.583362	0.000511811	846234.	0.738276	0.524527	0.985683	0.31324	1.37256
528.	0.58329	0.000510768	846383.	0.738346	0.524716	0.985747	0.311986	1.36846
529.	0.583218	0.000509731	846531.	0.738415	0.524904	0.985811	0.310739	1.36437
530.	0.583146	0.000508702	846679.	0.738484	0.525091	0.985875	0.3095	1.36031
531.	0.583075	0.000507678	846827.	0.738553	0.525278	0.985938	0.308269	1.35626
532.	0.583003	0.000506662	846974.	0.738622	0.525464	0.986	0.307045	1.35223
533.	0.582932	0.000505652	847121.	0.73869	0.525649	0.986062	0.305829	1.34822
534.	0.582861	0.000504648	847268.	0.738758	0.525833	0.986124	0.304621	1.34423
535.	0.58279	0.000503651	847414.	0.738826	0.526017	0.986185	0.30342	1.34025
536.	0.582719	0.00050266	847560.	0.738894	0.5262	0.986245	0.302226	1.33629
537.	0.582648	0.000501676	847706.	0.738961	0.526382	0.986305	0.30104	1.33235
538.	0.582578	0.000500697	847852.	0.739028	0.526564	0.986365	0.29986	1.32842
539.	0.582507	0.000499725	847997.	0.739095	0.526745	0.986424	0.298688	1.32451
540.	0.582437	0.000498759	848142.	0.739162	0.526925	0.986483	0.297523	1.32062
541.	0.582367	0.000497799	848287.	0.739228	0.527105	0.986541	0.296365	1.31674
542.	0.582297	0.000496845	848431.	0.739294	0.527284	0.986599	0.295215	1.31288
543.	0.582227	0.000495896	848576.	0.73936	0.527462	0.986657	0.29407	1.30904
544.	0.582157	0.000494954	848720.	0.739426	0.52764	0.986714	0.292933	1.30521
545.	0.582087	0.000494018	848863.	0.739492	0.527817	0.98677	0.291803	1.3014
546.	0.582017	0.000493087	849007.	0.739557	0.527994	0.986826	0.290679	1.2976
547.	0.581948	0.000492162	849150.	0.739622	0.528169	0.986882	0.289562	1.29382
548.	0.581879	0.000491242	849293.	0.739687	0.528345	0.986937	0.288451	1.29006
549.	0.581809	0.000490328	849435.	0.739751	0.528519	0.986992	0.287347	1.28631
550.	0.58174	0.00048942	849577.	0.739815	0.528693	0.987047	0.28625	1.28257
551.	0.581671	0.000488517	849719.	0.73988	0.528866	0.987101	0.285159	1.27886
552.	0.581603	0.000487619	849861.	0.739943	0.529039	0.987154	0.284074	1.27515
553.	0.581534	0.000486727	850003.	0.740007	0.529211	0.987208	0.282995	1.27146
554.	0.581465	0.00048584	850144.	0.740071	0.529382	0.98726	0.281923	1.26779
555.	0.581397	0.000484959	850285.	0.740134	0.529553	0.987313	0.280857	1.26413
556.	0.581329	0.000484082	850426.	0.740197	0.529724	0.987365	0.279797	1.26049
557.	0.58126	0.000483211	850566.	0.74026	0.529893	0.987417	0.278743	1.25686
558.	0.581192	0.000482345	850707.	0.740322	0.530062	0.987468	0.277695	1.25325
559.	0.581124	0.000481484	850847.	0.740385	0.530231	0.987519	0.276653	1.24965
560.	0.581056	0.000480628	850986.	0.740447	0.530399	0.987569	0.275617	1.24606
561.	0.580989	0.000479777	851126.	0.740509	0.530566	0.987619	0.274587	1.24249
562.	0.580921	0.000478931	851265.	0.74057	0.530733	0.987669	0.273562	1.23894
563.	0.580853	0.00047809	851404.	0.740632	0.530899	0.987719	0.272544	1.23539
564.	0.580786	0.000477253	851543.	0.740693	0.531065	0.987768	0.271531	1.23187
565.	0.580719	0.000476422	851681.	0.740755	0.53123	0.987816	0.270523	1.22835
566.	0.580652	0.000475595	851820.	0.740816	0.531395	0.987865	0.269522	1.22485
567.	0.580585	0.000474773	851958.	0.740876	0.531559	0.987913	0.268526	1.22137
568.	0.580518	0.000473955	852096.	0.740937	0.531722	0.98796	0.267535	1.21789
569.	0.580451	0.000473142	852233.	0.740997	0.531885	0.988008	0.26655	1.21443
570.	0.580384	0.000472334	852370.	0.741057	0.532048	0.988055	0.26557	1.21099
571.	0.580317	0.00047153	852508.	0.741117	0.53221	0.988101	0.264596	1.20755
572.	0.580251	0.000470731	852644.	0.741177	0.532371	0.988147	0.263627	1.20414
573.	0.580185	0.000469936	852781.	0.741237	0.532532	0.988193	0.262663	1.20073
574.	0.580118	0.000469146	852918.	0.741296	0.532692	0.988239	0.261704	1.19734
575.	0.580052	0.00046836	853054.	0.741356	0.532852	0.988284	0.260751	1.19396
576.	0.579986	0.000467578	853190.	0.741415	0.533012	0.988329	0.259803	1.19059
577.	0.57992	0.0004668	853325.	0.741474	0.53317	0.988373	0.25886	1.18724
578.	0.579854	0.000466027	853461.	0.741532	0.533329	0.988418	0.257921	1.1839
579.	0.579788	0.000465258	853596.	0.741591	0.533487	0.988462	0.256988	1.18057
580.	0.579723	0.000464493	853731.	0.741649	0.533644	0.988505	0.25606	1.17725
581.	0.579657	0.000463733	853866.	0.741707	0.533801	0.988549	0.255137	1.17395
582.	0.579592	0.000462976	854001.	0.741765	0.533957	0.988592	0.254219	1.17066
583.	0.579526	0.000462224	854135.	0.741823	0.534113	0.988634	0.253306	1.16738
584.	0.579461	0.000461475	854269.	0.741881	0.534268	0.988677	0.252397	1.16411
585.	0.579396	0.000460731	854403.	0.741938	0.534423	0.988719	0.251493	1.16086
586.	0.579331	0.00045999	854537.	0.741995	0.534578	0.98876	0.250594	1.15762
587.	0.579266	0.000459253	854670.	0.742053	0.534732	0.988802	0.2497	1.15439
588.	0.579201	0.000458521	854804.	0.74211	0.534885	0.988843	0.24881	1.15117
589.	0.579137	0.000457792	854937.	0.742166	0.535038	0.988884	0.247925	1.14797
590.	0.579072	0.000457067	855070.	0.742223	0.535191	0.988924	0.247045	1.14477
591.	0.579007	0.000456345	855202.	0.742279	0.535343	0.988965	0.246169	1.14159
592.	0.578943	0.000455628	855335.	0.742336	0.535495	0.989005	0.245297	1.13842
593.	0.578879	0.000454914	855467.	0.742392	0.535646	0.989044	0.24443	1.13526
594.	0.578814	0.000454204	855599.	0.742448	0.535797	0.989084	0.243568	1.13212
595.	0.57875	0.000453497	855731.	0.742504	0.535947	0.989123	0.24271	1.12898
596.	0.578686	0.000452794	855863.	0.742559	0.536097	0.989162	0.241856	1.12586
597.	0.578622	0.000452095	855994.	0.742615	0.536247	0.9892	0.241007	1.12275
598.	0.578559	0.000451399	856125.	0.74267	0.536396	0.989239	0.240162	1.11965
599.	0.578495	0.000450707	856256.	0.742725	0.536544	0.989277	0.239321	1.11656
600.	0.578431	0.000450019	856387.	0.74278	0.536693	0.989314	0.238484	1.11348
601.	0.578368	0.000449333	856518.	0.742835	0.53684	0.989352	0.237652	1.11041
602.	0.578304	0.000448652	856648.	0.74289	0.536988	0.989389	0.236824	1.10736
603.	0.578241	0.000447973	856779.	0.742945	0.537135	0.989426	0.235999	1.10431
604.	0.578178	0.000447298	856909.	0.742999	0.537281	0.989463	0.235179	1.10128
605.	0.578114	0.000446627	857038.	0.743053	0.537427	0.989499	0.234364	1.09825
606.	0.578051	0.000445958	857168.	0.743108	0.537573	0.989536	0.233552	1.09524
607.	0.577988	0.000445293	857298.	0.743162	0.537718	0.989571	0.232744	1.09224
608.	0.577925	0.000444631	857427.	0.743215	0.537863	0.989607	0.23194	1.08925
609.	0.577863	0.000443973	857556.	0.743269	0.538008	0.989643	0.23114	1.08627
610.	0.5778	0.000443318	857685.	0.743323	0.538152	0.989678	0.230344	1.0833
611.	0.577737	0.000442665	857813.	0.743376	0.538296	0.989713	0.229552	1.08034
612.	0.577675	0.000442016	857942.	0.743429	0.538439	0.989747	0.228764	1.07739
613.	0.577612	0.000441371	858070.	0.743483	0.538582	0.989782	0.227979	1.07445
614.	0.57755	0.000440728	858198.	0.743536	0.538725	0.989816	0.227199	1.07153
615.	0.577488	0.000440088	858326.	0.743588	0.538867	0.98985	0.226422	1.06861
616.	0.577425	0.000439452	858454.	0.743641	0.539009	0.989884	0.225649	1.0657
617.	0.577363	0.000438818	858582.	0.743694	0.53915	0.989917	0.224879	1.0628
618.	0.577301	0.000438188	858709.	0.743746	0.539291	0.989951	0.224114	1.05992
619.	0.577239	0.00043756	858836.	0.743798	0.539432	0.989984	0.223352	1.05704
620.	0.577177	0.000436935	858963.	0.743851	0.539572	0.990017	0.222593	1.05417
621.	0.577116	0.000436314	859090.	0.743903	0.539712	0.990049	0.221839	1.05131
622.	0.577054	0.000435695	859217.	0.743955	0.539851	0.990082	0.221088	1.04847
623.	0.576992	0.000435079	859343.	0.744006	0.539991	0.990114	0.22034	1.04563
624.	0.576931	0.000434466	859470.	0.744058	0.54013	0.990146	0.219596	1.0428
625.	0.57687	0.000433856	859596.	0.74411	0.540268	0.990177	0.218855	1.03998
626.	0.576808	0.000433248	859722.	0.744161	0.540406	0.990209	0.218118	1.03718
627.	0.576747	0.000432644	859848.	0.744212	0.540544	0.99024	0.217385	1.03438
628.	0.576686	0.000432042	859973.	0.744263	0.540681	0.990271	0.216654	1.03159
629.	0.576625	0.000431443	860099.	0.744314	0.540819	0.990302	0.215928	1.02881
630.	0.576564	0.000430846	860224.	0.744365	0.540955	0.990333	0.215204	1.02604
631.	0.576503	0.000430253	860349.	0.744416	0.541092	0.990363	0.214484	1.02328
632.	0.576442	0.000429662	860474.	0.744467	0.541228	0.990394	0.213768	1.02053
633.	0.576381	0.000429074	860599.	0.744517	0.541363	0.990424	0.213054	1.01779
634.	0.576321	0.000428488	860723.	0.744568	0.541499	0.990453	0.212344	1.01505
635.	0.57626	0.000427905	860847.	0.744618	0.541634	0.990483	0.211637	1.01233
636.	0.576199	0.000427324	860972.	0.744668	0.541769	0.990513	0.210934	1.00962
637.	0.576139	0.000426746	861096.	0.744718	0.541903	0.990542	0.210233	1.00691
638.	0.576079	0.000426171	861220.	0.744768	0.542037	0.990571	0.209536	1.00422
639.	0.576018	0.000425598	861343.	0.744818	0.542171	0.9906	0.208842	1.00153
640.	0.575958	0.000425028	861467.	0.744868	0.542304	0.990628	0.208151	0.998851
641.	0.575898	0.00042446	861590.	0.744917	0.542437	0.990657	0.207464	0.996183
642.	0.575838	0.000423895	861714.	0.744967	0.54257	0.990685	0.206779	0.993523
643.	0.575778	0.000423332	861837.	0.745016	0.542703	0.990713	0.206097	0.990871
644.	0.575718	0.000422772	861960.	0.745065	0.542835	0.990741	0.205419	0.988229
645.	0.575658	0.000422214	862082.	0.745114	0.542967	0.990769	0.204744	0.985596
646.	0.575599	0.000421658	862205.	0.745163	0.543098	0.990796	0.204071	0.982971
647.	0.575539	0.000421105	862327.	0.745212	0.543229	0.990824	0.203402	0.980355
648.	0.57548	0.000420554	862450.	0.745261	0.54336	0.990851	0.202735	0.977747
649.	0.57542	0.000420006	862572.	0.74531	0.543491	0.990878	0.202072	0.975148
650.	0.575361	0.000419459	862694.	0.745358	0.543621	0.990905	0.201412	0.972558
651.	0.575301	0.000418915	862815.	0.745407	0.543751	0.990931	0.200754	0.969976
652.	0.575242	0.000418374	862937.	0.745455	0.543881	0.990958	0.200099	0.967403
653.	0.575183	0.000417835	863058.	0.745503	0.54401	0.990984	0.199448	0.964838
654.	0.575124	0.000417298	863180.	0.745551	0.54414	0.99101	0.198799	0.962282
655.	0.575065	0.000416763	863301.	0.745599	0.544268	0.991036	0.198153	0.959733
656.	0.575006	0.00041623	863422.	0.745647	0.544397	0.991062	0.197509	0.957193
657.	0.574947	0.0004157	863543.	0.745695	0.544525	0.991088	0.196869	0.954662
658.	0.574888	0.000415172	863663.	0.745743	0.544653	0.991113	0.196231	0.952138
659.	0.574829	0.000414646	863784.	0.74579	0.544781	0.991138	0.195597	0.949623
660.	0.574771	0.000414122	863904.	0.745838	0.544908	0.991163	0.194965	0.947116
661.	0.574712	0.0004136	864025.	0.745885	0.545035	0.991188	0.194335	0.944617
662.	0.574653	0.00041308	864145.	0.745933	0.545162	0.991213	0.193709	0.942126
663.	0.574595	0.000412563	864265.	0.74598	0.545289	0.991238	0.193085	0.939643
664.	0.574537	0.000412048	864384.	0.746027	0.545415	0.991262	0.192463	0.937168
665.	0.574478	0.000411534	864504.	0.746074	0.545541	0.991286	0.191845	0.934702
666.	0.57442	0.000411023	864623.	0.746121	0.545667	0.991311	0.191229	0.932242
667.	0.574362	0.000410514	864743.	0.746168	0.545792	0.991335	0.190616	0.929791
668.	0.574304	0.000410007	864862.	0.746214	0.545918	0.991358	0.190005	0.927348
669.	0.574246	0.000409502	864981.	0.746261	0.546043	0.991382	0.189397	0.924912
670.	0.574188	0.000408998	865100.	0.746308	0.546167	0.991406	0.188791	0.922485
671.	0.57413	0.000408497	865219.	0.746354	0.546292	0.991429	0.188189	0.920065
672.	0.574072	0.000407998	865337.	0.7464	0.546416	0.991452	0.187588	0.917652
673.	0.574014	0.000407501	865456.	0.746447	0.54654	0.991475	0.18699	0.915248
674.	0.573957	0.000407006	865574.	0.746493	0.546663	0.991498	0.186395	0.912851
675.	0.573899	0.000406512	865692.	0.746539	0.546787	0.991521	0.185802	0.910461
676.	0.573841	0.000406021	865810.	0.746585	0.54691	0.991544	0.185212	0.908079
677.	0.573784	0.000405531	865928.	0.746631	0.547033	0.991566	0.184624	0.905705
678.	0.573727	0.000405044	866046.	0.746676	0.547156	0.991589	0.184039	0.903338
679.	0.573669	0.000404558	866163.	0.746722	0.547278	0.991611	0.183456	0.900978
680.	0.573612	0.000404074	866281.	0.746768	0.5474	0.991633	0.182875	0.898626
681.	0.573555	0.000403592	866398.	0.746813	0.547522	0.991655	0.182297	0.896281
682.	0.573498	0.000403112	866515.	0.746859	0.547644	0.991677	0.181721	0.893944
683.	0.573441	0.000402633	866632.	0.746904	0.547765	0.991699	0.181148	0.891614
684.	0.573384	0.000402157	866749.	0.746949	0.547886	0.99172	0.180577	0.889291
685.	0.573327	0.000401682	866866.	0.746994	0.548007	0.991742	0.180008	0.886976
686.	0.57327	0.000401209	866983.	0.747039	0.548128	0.991763	0.179442	0.884667
687.	0.573213	0.000400738	867099.	0.747084	0.548248	0.991784	0.178878	0.882366
688.	0.573156	0.000400268	867216.	0.747129	0.548368	0.991805	0.178316	0.880072
689.	0.573099	0.0003998	867332.	0.747174	0.548488	0.991826	0.177757	0.877785
690.	0.573043	0.000399334	867448.	0.747219	0.548608	0.991847	0.1772	0.875506
691.	0.572986	0.00039887	867564.	0.747264	0.548727	0.991867	0.176645	0.873233
692.	0.57293	0.000398408	867680.	0.747308	0.548847	0.991888	0.176093	0.870967
693.	0.572873	0.000397947	867795.	0.747353	0.548966	0.991908	0.175542	0.868708
694.	0.572817	0.000397488	867911.	0.747397	0.549085	0.991928	0.174994	0.866457
695.	0.572761	0.00039703	868026.	0.747441	0.549203	0.991949	0.174448	0.864212
696.	0.572705	0.000396574	868142.	0.747486	0.549321	0.991969	0.173905	0.861974
697.	0.572648	0.00039612	868257.	0.74753	0.54944	0.991988	0.173363	0.859743
698.	0.572592	0.000395667	868372.	0.747574	0.549558	0.992008	0.172824	0.857519
699.	0.572536	0.000395217	868487.	0.747618	0.549675	0.992028	0.172287	0.855301
700.	0.57248	0.000394767	868601.	0.747662	0.549793	0.992047	0.171752	0.85309
701.	0.572424	0.00039432	868716.	0.747705	0.54991	0.992067	0.171219	0.850887
702.	0.572368	0.000393874	868830.	0.747749	0.550027	0.992086	0.170688	0.848689
703.	0.572313	0.000393429	868945.	0.747793	0.550144	0.992105	0.17016	0.846499
704.	0.572257	0.000392986	869059.	0.747837	0.55026	0.992124	0.169633	0.844315
705.	0.572201	0.000392545	869173.	0.74788	0.550377	0.992143	0.169109	0.842138
706.	0.572146	0.000392105	869287.	0.747923	0.550493	0.992162	0.168586	0.839967
707.	0.57209	0.000391667	869401.	0.747967	0.550609	0.992181	0.168066	0.837803
708.	0.572035	0.00039123	869515.	0.74801	0.550725	0.992199	0.167548	0.835646
709.	0.571979	0.000390795	869628.	0.748053	0.55084	0.992218	0.167032	0.833495
710.	0.571924	0.000390361	869742.	0.748096	0.550955	0.992236	0.166517	0.831351
711.	0.571869	0.000389929	869855.	0.74814	0.551071	0.992255	0.166005	0.829213
712.	0.571813	0.000389498	869968.	0.748183	0.551185	0.992273	0.165495	0.827081
713.	0.571758	0.000389069	870081.	0.748225	0.5513	0.992291	0.164987	0.824956
714.	0.571703	0.000388641	870194.	0.748268	0.551415	0.992309	0.164481	0.822837
715.	0.571648	0.000388215	870307.	0.748311	0.551529	0.992327	0.163977	0.820725
716.	0.571593	0.00038779	870420.	0.748354	0.551643	0.992344	0.163474	0.818619
717.	0.571538	0.000387367	870533.	0.748396	0.551757	0.992362	0.162974	0.816519
718.	0.571483	0.000386945	870645.	0.748439	0.551871	0.99238	0.162476	0.814426
719.	0.571428	0.000386524	870757.	0.748481	0.551984	0.992397	0.161979	0.812339
720.	0.571374	0.000386105	870870.	0.748524	0.552098	0.992414	0.161485	0.810258
721.	0.571319	0.000385687	870982.	0.748566	0.552211	0.992432	0.160992	0.808183
722.	0.571264	0.000385271	871094.	0.748608	0.552324	0.992449	0.160501	0.806114
723.	0.57121	0.000384856	871206.	0.748651	0.552436	0.992466	0.160013	0.804052
724.	0.571155	0.000384443	871317.	0.748693	0.552549	0.992483	0.159526	0.801996
725.	0.571101	0.00038403	871429.	0.748735	0.552661	0.9925	0.159041	0.799946
726.	0.571046	0.00038362	871540.	0.748777	0.552773	0.992516	0.158557	0.797902
727.	0.570992	0.00038321	871652.	0.748819	0.552885	0.992533	0.158076	0.795864
728.	0.570937	0.000382802	871763.	0.748861	0.552997	0.992549	0.157597	0.793832
729.	0.570883	0.000382395	871874.	0.748902	0.553109	0.992566	0.157119	0.791806
730.	0.570829	0.00038199	871985.	0.748944	0.55322	0.992582	0.156643	0.789786
731.	0.570775	0.000381586	872096.	0.748986	0.553331	0.992599	0.156169	0.787771
732.	0.570721	0.000381183	872207.	0.749027	0.553442	0.992615	0.155697	0.785763
733.	0.570667	0.000380781	872318.	0.749069	0.553553	0.992631	0.155226	0.783761
734.	0.570613	0.000380381	872428.	0.74911	0.553664	0.992647	0.154757	0.781765
735.	0.570559	0.000379982	872539.	0.749152	0.553775	0.992663	0.15429	0.779774
736.	0.570505	0.000379585	872649.	0.749193	0.553885	0.992678	0.153825	0.77779
737.	0.570451	0.000379188	872759.	0.749234	0.553995	0.992694	0.153362	0.775811
738.	0.570397	0.000378793	872869.	0.749275	0.554105	0.99271	0.1529	0.773838
739.	0.570344	0.000378399	872979.	0.749317	0.554215	0.992725	0.15244	0.771871