t	Ns	Ni	Dead_pi_0.0062	InterpolatingFunction[{{1, 2}}, {5, 3, 0, {2}, {2}, 0, 0, 0, 0, Automatic, {}, {}, False}, {{1, 2}}, {{Take[Table[], 231]}, {Transpose[Take[Table[], 231]][[5]]}}, {Automatic}]	LogRS	Rt	DiscHealthCost	DiscTotalCost
0.	0.999922	0.0000526735	51.0905	0.997875	1.12715	3.0866	0.182333	0.182611
1.	0.999895	0.0000709423	68.9142	0.997149	1.12569	3.08202	0.245088	0.245588
2.	0.999859	0.0000954763	92.9126	0.996178	1.12374	3.07592	0.329197	0.330094
3.	0.99981	0.000128366	125.195	0.994886	1.12115	3.06779	0.441726	0.443331
4.	0.999745	0.000172355	168.569	0.993172	1.1177	3.05703	0.59193	0.594787
5.	0.999657	0.000231007	226.754	0.99091	1.11314	3.04285	0.791799	0.796862
6.	0.999541	0.0003089	304.648	0.987943	1.10714	3.02431	1.0567	1.0656
7.	0.999387	0.000411811	408.651	0.984085	1.09932	3.00027	1.40596	1.42149
8.	0.999184	0.000546869	547.031	0.979122	1.0892	2.96948	1.86339	1.89014
9.	0.998918	0.000722627	730.335	0.972822	1.07629	2.93061	2.45741	2.50285
10.	0.998573	0.000948966	971.794	0.964954	1.06005	2.88241	3.22075	3.29655
11.	0.99813	0.00123675	1287.66	0.955322	1.03999	2.82389	4.18919	4.31294
12.	0.997568	0.00159715	1697.42	0.943793	1.0157	2.75459	5.39931	5.59632
13.	0.996866	0.0020407	2223.72	0.930342	0.986995	2.67475	6.88518	7.18996
14.	0.996002	0.00257607	2892.04	0.915075	0.953903	2.58544	8.67436	9.13128
15.	0.994957	0.00320884	3729.94	0.898234	0.916753	2.48854	10.7838	11.4463
16.	0.993716	0.00394052	4766.05	0.880178	0.87614	2.38652	13.2166	14.1451
17.	0.992267	0.00476806	6028.78	0.861337	0.832862	2.28211	15.9607	17.2185
18.	0.990606	0.00568392	7544.99	0.84216	0.787831	2.17797	18.9889	20.6382
19.	0.988731	0.00667671	9338.75	0.823069	0.741972	2.07641	22.2617	24.359
20.	0.986647	0.00773222	11430.4	0.804424	0.696145	1.97922	25.7302	28.3231
21.	0.984362	0.00883456	13835.9	0.786505	0.651088	1.88764	29.3405	32.4654
22.	0.981886	0.0099673	16566.5	0.769507	0.607392	1.80239	33.0372	36.7184
23.	0.979233	0.0111144	19628.6	0.753556	0.565498	1.72377	36.7668	41.0167
24.	0.976417	0.0122609	23024.2	0.738713	0.525711	1.65177	40.4796	45.2997
25.	0.973452	0.0133935	26751.2	0.724995	0.488222	1.58616	44.1315	49.5141
26.	0.970352	0.0145004	30803.7	0.712384	0.453126	1.52658	47.6849	53.6141
27.	0.967132	0.0155722	35172.9	0.700839	0.420449	1.4726	51.1083	57.5623
28.	0.963805	0.0166008	39847.4	0.690306	0.39016	1.42375	54.377	61.3293
29.	0.960383	0.0175803	44813.7	0.68072	0.362195	1.37957	57.4718	64.8927
30.	0.956879	0.0185061	50056.9	0.672018	0.336461	1.33962	60.3792	68.2369
31.	0.953303	0.0193752	55560.8	0.664131	0.312852	1.30347	63.0901	71.3515
32.	0.949667	0.0201856	61308.7	0.656997	0.291251	1.27075	65.5995	74.2312
33.	0.945978	0.0209365	67283.5	0.650553	0.271538	1.2411	67.9058	76.8747
34.	0.942245	0.0216279	73467.7	0.644742	0.253593	1.21422	70.0101	79.2837
35.	0.938477	0.0222606	79844.2	0.639511	0.237298	1.18982	71.916	81.4628
36.	0.93468	0.0228357	86396.2	0.634809	0.22254	1.16764	73.6287	83.4184
37.	0.930861	0.023355	93107.	0.630592	0.209209	1.14747	75.1546	85.1585
38.	0.927025	0.0238205	99960.9	0.626818	0.197203	1.12911	76.5015	86.6922
39.	0.923178	0.0242345	106942.	0.623449	0.186425	1.11237	77.6777	88.0296
40.	0.919324	0.0245994	114037.	0.620451	0.176783	1.0971	78.6919	89.1809
41.	0.915468	0.0249178	121231.	0.617792	0.168194	1.08315	79.5533	90.1569
42.	0.911614	0.0251922	128511.	0.615443	0.160576	1.07041	80.2711	90.9684
43.	0.907765	0.0254254	135864.	0.613379	0.153858	1.05875	80.8544	91.626
44.	0.903924	0.0256199	143280.	0.611576	0.147971	1.04808	81.3122	92.1402
45.	0.900094	0.0257782	150747.	0.610013	0.142851	1.03831	81.6535	92.5212
46.	0.896277	0.0259028	158255.	0.608669	0.13844	1.02936	81.8866	92.779
47.	0.892476	0.0259962	165794.	0.607526	0.134683	1.02115	82.0199	92.9229
48.	0.888693	0.0260607	173356.	0.606569	0.13153	1.01362	82.0612	92.962
49.	0.88493	0.0260984	180933.	0.605783	0.128935	1.00671	82.0179	92.905
50.	0.881187	0.0261114	188518.	0.605153	0.126855	1.00037	81.8971	92.7597
51.	0.877467	0.0261018	196103.	0.604667	0.125249	0.994548	81.7056	92.5341
52.	0.873771	0.0260713	203682.	0.604314	0.124081	0.989202	81.4495	92.2352
53.	0.870099	0.0260219	211249.	0.604084	0.123317	0.984293	81.1349	91.8698
54.	0.866453	0.0259551	218799.	0.603965	0.122926	0.979785	80.7671	91.4441
55.	0.862833	0.0258725	226328.	0.603951	0.122878	0.975645	80.3514	90.9641
56.	0.859241	0.0257755	233831.	0.604032	0.123146	0.971844	79.8925	90.4352
57.	0.855676	0.0256656	241303.	0.604201	0.123705	0.968354	79.3949	89.8624
58.	0.85214	0.0255439	248742.	0.604451	0.124533	0.965151	78.8628	89.2504
59.	0.848633	0.0254116	256144.	0.604776	0.125608	0.962212	78.2998	88.6037
60.	0.845154	0.0252699	263506.	0.60517	0.12691	0.959516	77.7096	87.9261
61.	0.841705	0.0251196	270826.	0.605627	0.128421	0.957045	77.0954	87.2215
62.	0.838285	0.0249619	278100.	0.606143	0.130124	0.954782	76.4602	86.4931
63.	0.834896	0.0247974	285328.	0.606713	0.132003	0.952709	75.8068	85.7441
64.	0.831535	0.0246271	292508.	0.607332	0.134044	0.950813	75.1377	84.9775
65.	0.828205	0.0244516	299637.	0.607997	0.136233	0.949081	74.4552	84.1958
66.	0.824905	0.0242716	306714.	0.608704	0.138557	0.947499	73.7614	83.4014
67.	0.821635	0.0240877	313739.	0.60945	0.141006	0.946056	73.0584	82.5966
68.	0.818394	0.0239005	320710.	0.610232	0.143569	0.944743	72.3478	81.7833
69.	0.815183	0.0237105	327626.	0.611046	0.146234	0.943548	71.6313	80.9634
70.	0.812002	0.0235182	334486.	0.611889	0.148995	0.942464	70.9103	80.1386
71.	0.80885	0.023324	341290.	0.612761	0.151841	0.941482	70.1863	79.3104
72.	0.805728	0.0231284	348038.	0.613657	0.154765	0.940594	69.4603	78.4802
73.	0.802635	0.0229316	354728.	0.614577	0.15776	0.939793	68.7336	77.6492
74.	0.79957	0.022734	361362.	0.615518	0.160819	0.939073	68.0071	76.8185
75.	0.796535	0.0225359	367937.	0.616477	0.163935	0.938428	67.2818	75.9892
76.	0.793528	0.0223377	374456.	0.617455	0.167103	0.937852	66.5583	75.1622
77.	0.790549	0.0221394	380916.	0.618448	0.170318	0.93734	65.8376	74.3383
78.	0.787599	0.0219414	387319.	0.619456	0.173575	0.936888	65.1201	73.5182
79.	0.784676	0.0217438	393665.	0.620477	0.176868	0.93649	64.4066	72.7027
80.	0.781781	0.0215469	399953.	0.621509	0.180194	0.936143	63.6975	71.8924
81.	0.778913	0.0213507	406184.	0.622553	0.183549	0.935843	62.9933	71.0876
82.	0.776072	0.0211555	412359.	0.623606	0.186928	0.935586	62.2944	70.289
83.	0.773258	0.0209614	418476.	0.624667	0.19033	0.93537	61.6012	69.4969
84.	0.77047	0.0207685	424538.	0.625736	0.19375	0.93519	60.9139	68.7117
85.	0.767708	0.0205769	430543.	0.626812	0.197185	0.935045	60.233	67.9337
86.	0.764972	0.0203867	436494.	0.627894	0.200634	0.934932	59.5586	67.1632
87.	0.762262	0.0201979	442389.	0.628981	0.204093	0.934848	58.8908	66.4004
88.	0.759577	0.0200107	448229.	0.630072	0.20756	0.934791	58.23	65.6455
89.	0.756918	0.0198251	454016.	0.631167	0.211034	0.934759	57.5763	64.8987
90.	0.754283	0.0196412	459749.	0.632266	0.214511	0.934749	56.9297	64.1601
91.	0.751672	0.019459	465428.	0.633367	0.217992	0.934762	56.2904	63.4298
92.	0.749086	0.0192785	471055.	0.63447	0.221472	0.934793	55.6584	62.708
93.	0.746523	0.0190998	476630.	0.635575	0.224952	0.934843	55.0339	61.9947
94.	0.743984	0.0189229	482153.	0.636681	0.22843	0.93491	54.4168	61.2899
95.	0.741468	0.0187479	487625.	0.637788	0.231905	0.934991	53.8072	60.5937
96.	0.738976	0.0185747	493046.	0.638896	0.235375	0.935087	53.2051	59.9061
97.	0.736506	0.0184034	498417.	0.640003	0.238839	0.935195	52.6105	59.2271
98.	0.734058	0.018234	503739.	0.641111	0.242296	0.935316	52.0234	58.5567
99.	0.731633	0.0180664	509012.	0.642218	0.245746	0.935447	51.4438	57.8949
100.	0.729229	0.0179008	514236.	0.643323	0.249187	0.935588	50.8716	57.2416
101.	0.726848	0.017737	519413.	0.644428	0.252619	0.935738	50.3069	56.5967
102.	0.724487	0.0175751	524542.	0.645532	0.25604	0.935896	49.7495	55.9604
103.	0.722148	0.0174151	529625.	0.646634	0.259452	0.936062	49.1994	55.3323
104.	0.71983	0.017257	534661.	0.647734	0.262852	0.936235	48.6566	54.7127
105.	0.717532	0.0171007	539652.	0.648832	0.26624	0.936413	48.121	54.1012
106.	0.715254	0.0169463	544597.	0.649928	0.269616	0.936598	47.5925	53.4979
107.	0.712997	0.0167937	549498.	0.651022	0.272979	0.936787	47.0711	52.9027
108.	0.710759	0.016643	554355.	0.652114	0.27633	0.936981	46.5566	52.3156
109.	0.708541	0.016494	559168.	0.653203	0.279666	0.937179	46.0491	51.7363
110.	0.706343	0.0163469	563939.	0.654289	0.28299	0.937381	45.5484	51.1649
111.	0.704163	0.0162016	568666.	0.655372	0.286299	0.937586	45.0544	50.6012
112.	0.702002	0.016058	573352.	0.656453	0.289593	0.937794	44.5672	50.0451
113.	0.69986	0.0159162	577997.	0.65753	0.292873	0.938004	44.0865	49.4966
114.	0.697737	0.0157761	582600.	0.658605	0.296139	0.938217	43.6123	48.9556
115.	0.695631	0.0156377	587163.	0.659676	0.29939	0.938431	43.1445	48.4219
116.	0.693544	0.015501	591686.	0.660744	0.302625	0.938647	42.6831	47.8954
117.	0.691474	0.0153659	596170.	0.661809	0.305845	0.938864	42.2279	47.3761
118.	0.689422	0.0152326	600615.	0.66287	0.30905	0.939083	41.7789	46.8639
119.	0.687387	0.0151008	605021.	0.663928	0.31224	0.939302	41.3359	46.3586
120.	0.685369	0.0149707	609389.	0.664983	0.315414	0.939522	40.8989	45.8602
121.	0.683368	0.0148421	613719.	0.666034	0.318572	0.939743	40.4678	45.3686
122.	0.681384	0.0147151	618013.	0.667081	0.321715	0.939964	40.0425	44.8836
123.	0.679416	0.0145897	622269.	0.668125	0.324843	0.940185	39.623	44.4051
124.	0.677465	0.0144658	626490.	0.669165	0.327954	0.940406	39.209	43.9331
125.	0.67553	0.0143434	630674.	0.670202	0.33105	0.940627	38.8006	43.4675
126.	0.67361	0.0142225	634824.	0.671235	0.334131	0.940848	38.3977	43.0081
127.	0.671706	0.014103	638938.	0.672264	0.337195	0.941069	38.0002	42.555
128.	0.669818	0.013985	643018.	0.67329	0.340244	0.941289	37.6079	42.1078
129.	0.667945	0.0138684	647064.	0.674312	0.343277	0.941508	37.2209	41.6667
130.	0.666087	0.0137532	651076.	0.67533	0.346295	0.941727	36.839	41.2315
131.	0.664244	0.0136394	655055.	0.676345	0.349297	0.941946	36.4622	40.8021
132.	0.662416	0.013527	659001.	0.677355	0.352284	0.942163	36.0904	40.3784
133.	0.660603	0.0134159	662915.	0.678362	0.355255	0.94238	35.7234	39.9603
134.	0.658804	0.0133061	666796.	0.679366	0.358211	0.942595	35.3613	39.5477
135.	0.65702	0.0131976	670646.	0.680365	0.361151	0.94281	35.0039	39.1406
136.	0.655249	0.0130905	674465.	0.681361	0.364076	0.943024	34.6512	38.7388
137.	0.653492	0.0129845	678252.	0.682353	0.366986	0.943236	34.3031	38.3423
138.	0.65175	0.0128799	682009.	0.683341	0.369881	0.943448	33.9595	37.951
139.	0.650021	0.0127764	685736.	0.684326	0.37276	0.943658	33.6204	37.5648
140.	0.648305	0.0126742	689433.	0.685307	0.375625	0.943867	33.2856	37.1836
141.	0.646603	0.0125732	693100.	0.686284	0.378474	0.944075	32.9552	36.8074
142.	0.644913	0.0124733	696738.	0.687257	0.381309	0.944282	32.629	36.4361
143.	0.643237	0.0123746	700348.	0.688227	0.384129	0.944488	32.307	36.0696
144.	0.641574	0.012277	703928.	0.689193	0.386934	0.944692	31.9891	35.7077
145.	0.639924	0.0121806	707481.	0.690155	0.389725	0.944895	31.6753	35.3506
146.	0.638286	0.0120852	711006.	0.691114	0.392501	0.945097	31.3654	34.998
147.	0.63666	0.011991	714503.	0.692069	0.395263	0.945297	31.0595	34.6498
148.	0.635047	0.0118978	717973.	0.69302	0.398011	0.945496	30.7574	34.3062
149.	0.633446	0.0118057	721416.	0.693968	0.400744	0.945693	30.4592	33.9669
150.	0.631857	0.0117146	724833.	0.694912	0.403463	0.94589	30.1646	33.6319
151.	0.63028	0.0116246	728223.	0.695853	0.406168	0.946084	29.8738	33.3011
152.	0.628715	0.0115356	731587.	0.69679	0.408859	0.946278	29.5866	32.9744
153.	0.627161	0.0114475	734925.	0.697723	0.411536	0.94647	29.3029	32.6519
154.	0.625619	0.0113605	738238.	0.698653	0.414199	0.946661	29.0228	32.3334
155.	0.624088	0.0112744	741526.	0.699579	0.416849	0.94685	28.7461	32.0189
156.	0.622569	0.0111893	744789.	0.700502	0.419485	0.947038	28.4728	31.7082
157.	0.621061	0.0111051	748028.	0.701421	0.422108	0.947225	28.2029	31.4014
158.	0.619564	0.0110218	751242.	0.702337	0.424717	0.94741	27.9363	31.0984
159.	0.618077	0.0109394	754432.	0.703249	0.427313	0.947594	27.6729	30.7992
160.	0.616602	0.010858	757598.	0.704157	0.429896	0.947777	27.4127	30.5036
161.	0.615137	0.0107774	760741.	0.705063	0.432465	0.947958	27.1557	30.2116
162.	0.613683	0.0106977	763860.	0.705965	0.435022	0.948138	26.9018	29.9232
163.	0.612239	0.0106189	766956.	0.706863	0.437565	0.948316	26.651	29.6383
164.	0.610805	0.0105409	770030.	0.707758	0.440096	0.948493	26.4031	29.3569
165.	0.609382	0.0104638	773081.	0.70865	0.442614	0.948669	26.1582	29.0788
166.	0.607969	0.0103875	776110.	0.709538	0.44512	0.948844	25.9163	28.8041
167.	0.606566	0.010312	779117.	0.710423	0.447613	0.949017	25.6772	28.5327
168.	0.605173	0.0102372	782101.	0.711305	0.450093	0.949189	25.4409	28.2645
169.	0.60379	0.0101633	785065.	0.712183	0.452561	0.949359	25.2074	27.9996
170.	0.602416	0.0100902	788007.	0.713058	0.455017	0.949529	24.9767	27.7378
171.	0.601052	0.0100178	790927.	0.71393	0.45746	0.949697	24.7487	27.4791
172.	0.599698	0.00994621	793827.	0.714798	0.459892	0.949863	24.5234	27.2235
173.	0.598353	0.00987535	796707.	0.715663	0.462311	0.950029	24.3007	26.9709
174.	0.597018	0.00980522	799565.	0.716525	0.464719	0.950193	24.0805	26.7212
175.	0.595691	0.00973581	802404.	0.717384	0.467114	0.950356	23.863	26.4745
176.	0.594374	0.00966712	805222.	0.71824	0.469498	0.950518	23.6479	26.2307
177.	0.593066	0.00959913	808021.	0.719092	0.47187	0.950678	23.4353	25.9897
178.	0.591767	0.00953185	810800.	0.719941	0.474231	0.950837	23.2252	25.7515
179.	0.590476	0.00946524	813559.	0.720787	0.47658	0.950995	23.0175	25.5161
180.	0.589195	0.00939932	816299.	0.72163	0.478917	0.951152	22.8121	25.2834
181.	0.587922	0.00933406	819020.	0.72247	0.481244	0.951308	22.6091	25.0533
182.	0.586658	0.00926946	821723.	0.723307	0.483559	0.951462	22.4084	24.826
183.	0.585402	0.00920551	824406.	0.724141	0.485863	0.951616	22.2099	24.6012
184.	0.584155	0.0091422	827071.	0.724971	0.488155	0.951768	22.0137	24.379
185.	0.582916	0.00907952	829718.	0.725799	0.490437	0.951919	21.8197	24.1593
186.	0.581685	0.00901746	832347.	0.726623	0.492708	0.952069	21.6278	23.9421
187.	0.580463	0.00895603	834958.	0.727445	0.494968	0.952218	21.4382	23.7274
188.	0.579249	0.00889519	837551.	0.728263	0.497217	0.952365	21.2506	23.515
189.	0.578042	0.00883496	840126.	0.729079	0.499455	0.952512	21.0651	23.3051
190.	0.576844	0.00877532	842684.	0.729891	0.501683	0.952657	20.8817	23.0976
191.	0.575654	0.00871626	845225.	0.730701	0.5039	0.952802	20.7002	22.8923
192.	0.574471	0.00865778	847749.	0.731508	0.506107	0.952945	20.5208	22.6894
193.	0.573297	0.00859986	850255.	0.732311	0.508303	0.953087	20.3434	22.4887
194.	0.57213	0.0085425	852745.	0.733112	0.510489	0.953229	20.1679	22.2902
195.	0.57097	0.0084857	855219.	0.73391	0.512665	0.953369	19.9943	22.094
196.	0.569818	0.00842944	857676.	0.734705	0.514831	0.953508	19.8226	21.8998
197.	0.568674	0.00837373	860117.	0.735498	0.516986	0.953646	19.6528	21.7079
198.	0.567536	0.00831854	862541.	0.736287	0.519132	0.953783	19.4848	21.518
199.	0.566407	0.00826388	864950.	0.737074	0.521267	0.95392	19.3186	21.3302
200.	0.565284	0.00820974	867343.	0.737857	0.523392	0.954055	19.1542	21.1445
201.	0.564169	0.00815611	869720.	0.738638	0.525508	0.954189	18.9916	20.9608
202.	0.563061	0.00810298	872082.	0.739416	0.527614	0.954322	18.8307	20.7791
203.	0.561959	0.00805035	874428.	0.740192	0.52971	0.954454	18.6715	20.5993
204.	0.560865	0.00799822	876759.	0.740964	0.531797	0.954586	18.5141	20.4215
205.	0.559778	0.00794657	879075.	0.741734	0.533874	0.954716	18.3583	20.2456
206.	0.558698	0.0078954	881377.	0.742501	0.535941	0.954845	18.2041	20.0716
207.	0.557624	0.00784471	883663.	0.743266	0.537999	0.954974	18.0516	19.8995
208.	0.556557	0.00779448	885935.	0.744028	0.540048	0.955101	17.9007	19.7292
209.	0.555497	0.00774472	888192.	0.744787	0.542087	0.955228	17.7513	19.5607
210.	0.554443	0.00769541	890435.	0.745543	0.544117	0.955354	17.6035	19.394
211.	0.553396	0.00764655	892663.	0.746297	0.546138	0.955479	17.4573	19.2291
212.	0.552356	0.00759814	894877.	0.747048	0.54815	0.955603	17.3126	19.0659
213.	0.551322	0.00755017	897078.	0.747796	0.550152	0.955726	17.1694	18.9044
214.	0.550294	0.00750263	899264.	0.748542	0.552146	0.955848	17.0277	18.7447
215.	0.549273	0.00745552	901437.	0.749285	0.554131	0.95597	16.8874	18.5866
216.	0.548258	0.00740884	903596.	0.750026	0.556107	0.95609	16.7486	18.4301
217.	0.547249	0.00736257	905742.	0.750764	0.558074	0.95621	16.6112	18.2753
218.	0.546246	0.00731672	907874.	0.751499	0.560032	0.956329	16.4752	18.1221
219.	0.54525	0.00727128	909993.	0.752232	0.561981	0.956447	16.3406	17.9705
220.	0.544259	0.00722624	912099.	0.752962	0.563922	0.956564	16.2074	17.8205
221.	0.543275	0.00718159	914192.	0.75369	0.565854	0.956681	16.0755	17.672
222.	0.542296	0.00713735	916272.	0.754415	0.567778	0.956796	15.945	17.5251
223.	0.541324	0.00709349	918339.	0.755138	0.569693	0.956911	15.8158	17.3796
224.	0.540357	0.00705002	920393.	0.755859	0.5716	0.957025	15.6879	17.2357
225.	0.539396	0.00700692	922435.	0.756576	0.573498	0.957139	15.5613	17.0932
226.	0.538441	0.00696421	924465.	0.757292	0.575388	0.957251	15.4359	16.9522
227.	0.537491	0.00692186	926482.	0.758005	0.57727	0.957363	15.3118	16.8126
228.	0.536547	0.00687988	928486.	0.758715	0.579144	0.957474	15.189	16.6744
229.	0.535609	0.00683827	930479.	0.759423	0.581009	0.957584	15.0674	16.5376
230.	0.534676	0.00679701	932460.	0.760129	0.582867	0.957694	14.9469	16.4023
231.	0.533749	0.00675611	934428.	0.760832	0.584716	0.957803	14.8277	16.2682
232.	0.532827	0.00671556	936385.	0.761532	0.586557	0.957911	14.7097	16.1356
233.	0.531911	0.00667535	938330.	0.762231	0.58839	0.958018	14.5928	16.0042
234.	0.531	0.00663549	940264.	0.762927	0.590216	0.958125	14.4771	15.8742
235.	0.530095	0.00659596	942186.	0.76362	0.592033	0.958231	14.3625	15.7454
236.	0.529194	0.00655677	944096.	0.764312	0.593843	0.958336	14.249	15.618
237.	0.528299	0.00651791	945996.	0.765001	0.595645	0.958441	14.1366	15.4918
237.4977348814573	0.527856	0.00649869	946937.	0.765343	0.596539	0.958493	14.0811	15.4295
238.4977348814573	0.526969	0.00646031	948819.	0.766028	0.598329	0.958596	13.9704	15.3052
239.4977348814573	0.526086	0.00642226	950690.	0.766711	0.600112	0.958699	13.8607	15.1821
240.4977348814573	0.525209	0.00638453	952551.	0.767392	0.601887	0.958801	13.7521	15.0602
241.4977348814573	0.524337	0.00634711	954400.	0.76807	0.603654	0.958903	13.6446	14.9395
242.4977348814573	0.52347	0.00631	956238.	0.768747	0.605414	0.959004	13.5381	14.82
243.4977348814573	0.522608	0.0062732	958066.	0.769421	0.607167	0.959104	13.4326	14.7017
244.4977348814573	0.521751	0.0062367	959883.	0.770092	0.608912	0.959204	13.3281	14.5845
245.4977348814573	0.520899	0.0062005	961690.	0.770762	0.61065	0.959303	13.2247	14.4685
246.4977348814573	0.520052	0.0061646	963486.	0.771429	0.612381	0.959401	13.1222	14.3536
247.4977348814573	0.519209	0.00612899	965272.	0.772094	0.614104	0.959499	13.0207	14.2398
248.4977348814573	0.518372	0.00609367	967047.	0.772757	0.61582	0.959596	12.9201	14.1272
249.4977348814573	0.517539	0.00605864	968812.	0.773417	0.617529	0.959692	12.8205	14.0156
250.4977348814573	0.51671	0.0060239	970568.	0.774075	0.61923	0.959788	12.7219	13.905
251.4977348814573	0.515887	0.00598943	972313.	0.774732	0.620925	0.959884	12.6242	13.7956
252.4977348814573	0.515068	0.00595525	974048.	0.775385	0.622612	0.959978	12.5274	13.6872
253.4977348814573	0.514253	0.00592134	975773.	0.776037	0.624293	0.960072	12.4315	13.5798
254.4977348814573	0.513443	0.0058877	977488.	0.776687	0.625966	0.960166	12.3365	13.4735
255.4977348814573	0.512638	0.00585433	979194.	0.777334	0.627633	0.960259	12.2424	13.3682
256.4977348814573	0.511837	0.00582122	980890.	0.77798	0.629292	0.960351	12.1492	13.2638
257.4977348814573	0.511041	0.00578838	982576.	0.778623	0.630945	0.960443	12.0569	13.1605
258.4977348814573	0.510249	0.0057558	984253.	0.779264	0.632591	0.960534	11.9654	13.0581
259.4977348814573	0.509461	0.00572348	985920.	0.779903	0.63423	0.960625	11.8747	12.9568
260.4977348814573	0.508678	0.00569141	987578.	0.78054	0.635862	0.960715	11.7849	12.8563
261.4977348814573	0.507899	0.00565959	989227.	0.781174	0.637488	0.960804	11.696	12.7568
262.4977348814573	0.507124	0.00562803	990867.	0.781807	0.639107	0.960893	11.6078	12.6583
263.4977348814573	0.506354	0.00559671	992497.	0.782438	0.64072	0.960982	11.5205	12.5607
264.4977348814573	0.505588	0.00556564	994119.	0.783066	0.642326	0.96107	11.4339	12.4639
265.4977348814573	0.504826	0.0055348	995731.	0.783692	0.643925	0.961157	11.3482	12.3681
266.4977348814573	0.504068	0.00550421	997335.	0.784317	0.645518	0.961244	11.2632	12.2732
267.4977348814573	0.503314	0.00547385	998929.	0.784939	0.647104	0.96133	11.179	12.1792
268.4977348814573	0.502564	0.00544373	1000515.	0.785559	0.648684	0.961416	11.0956	12.086
269.4977348814573	0.501819	0.00541384	1002092.	0.786178	0.650257	0.961501	11.0129	11.9937
270.4977348814573	0.501077	0.00538418	1003661.	0.786794	0.651825	0.961586	10.931	11.9022
271.4977348814573	0.500339	0.00535475	1005221.	0.787408	0.653385	0.96167	10.8498	11.8116
272.4977348814573	0.499606	0.00532554	1006772.	0.788021	0.65494	0.961754	10.7694	11.7218
273.4977348814573	0.498876	0.00529655	1008315.	0.788631	0.656488	0.961838	10.6896	11.6329
274.4977348814573	0.49815	0.00526778	1009850.	0.789239	0.65803	0.96192	10.6106	11.5447
275.4977348814573	0.497428	0.00523924	1011376.	0.789845	0.659566	0.962003	10.5323	11.4574
276.4977348814573	0.49671	0.00521091	1012894.	0.79045	0.661096	0.962084	10.4547	11.3709
277.4977348814573	0.495996	0.00518279	1014403.	0.791052	0.662619	0.962166	10.3778	11.2851
278.4977348814573	0.495285	0.00515488	1015905.	0.791653	0.664137	0.962246	10.3016	11.2002
279.4977348814573	0.494578	0.00512718	1017399.	0.792251	0.665648	0.962327	10.2261	11.116
280.4977348814573	0.493875	0.00509969	1018884.	0.792848	0.667154	0.962407	10.1512	11.0325
281.4977348814573	0.493176	0.00507241	1020362.	0.793442	0.668653	0.962486	10.077	10.9498
282.4977348814573	0.492481	0.00504532	1021831.	0.794035	0.670147	0.962565	10.0034	10.8679
283.4977348814573	0.491789	0.00501844	1023293.	0.794626	0.671634	0.962644	9.93053	10.7867
284.4977348814573	0.4911	0.00499176	1024747.	0.795215	0.673116	0.962722	9.85826	10.7062
285.4977348814573	0.490416	0.00496527	1026194.	0.795802	0.674592	0.962799	9.78663	10.6265
286.4977348814573	0.489734	0.00493898	1027632.	0.796387	0.676062	0.962877	9.71563	10.5474
287.4977348814573	0.489057	0.00491289	1029063.	0.79697	0.677526	0.962953	9.64525	10.4691
288.4977348814573	0.488383	0.00488698	1030487.	0.797552	0.678985	0.96303	9.57548	10.3915
289.4977348814573	0.487712	0.00486127	1031903.	0.798131	0.680438	0.963105	9.50633	10.3145
290.4977348814573	0.487045	0.00483574	1033311.	0.798709	0.681885	0.963181	9.43777	10.2383
291.4977348814573	0.486381	0.0048104	1034712.	0.799285	0.683326	0.963256	9.36981	10.1627
292.4977348814573	0.485721	0.00478524	1036106.	0.799859	0.684762	0.96333	9.30243	10.0878
293.4977348814573	0.485064	0.00476026	1037493.	0.800431	0.686192	0.963405	9.23564	10.0135
294.4977348814573	0.484411	0.00473546	1038872.	0.801001	0.687617	0.963478	9.16943	9.93993
295.4977348814573	0.483761	0.00471084	1040244.	0.80157	0.689036	0.963552	9.10378	9.86698
296.4977348814573	0.483114	0.0046864	1041609.	0.802137	0.690449	0.963625	9.03871	9.79466
297.4977348814573	0.48247	0.00466214	1042967.	0.802701	0.691857	0.963697	8.97418	9.72299
298.4977348814573	0.48183	0.00463805	1044318.	0.803265	0.69326	0.963769	8.91022	9.65193
299.4977348814573	0.481193	0.00461413	1045662.	0.803826	0.694657	0.963841	8.84679	9.5815
300.4977348814573	0.48056	0.00459038	1046999.	0.804386	0.696049	0.963912	8.78391	9.51169
301.4977348814573	0.479929	0.0045668	1048329.	0.804943	0.697435	0.963983	8.72157	9.44248
302.4977348814573	0.479302	0.00454338	1049653.	0.805499	0.698816	0.964053	8.65975	9.37387
303.4977348814573	0.478678	0.00452013	1050969.	0.806054	0.700192	0.964124	8.59846	9.30585
304.4977348814573	0.478057	0.00449705	1052279.	0.806606	0.701563	0.964193	8.53769	9.23842
305.4977348814573	0.477439	0.00447412	1053582.	0.807157	0.702928	0.964263	8.47743	9.17158
306.4977348814573	0.476824	0.00445136	1054879.	0.807706	0.704288	0.964332	8.41768	9.10531
307.4977348814573	0.476212	0.00442876	1056168.	0.808253	0.705643	0.9644	8.35844	9.03961
308.4977348814573	0.475604	0.00440632	1057452.	0.808799	0.706992	0.964468	8.29969	8.97448
309.4977348814573	0.474998	0.00438403	1058729.	0.809343	0.708337	0.964536	8.24143	8.9099
310.4977348814573	0.474395	0.00436189	1059999.	0.809885	0.709676	0.964604	8.18367	8.84588
311.4977348814573	0.473796	0.00433991	1061263.	0.810425	0.71101	0.964671	8.12638	8.7824
312.4977348814573	0.473199	0.00431809	1062521.	0.810964	0.712339	0.964737	8.06958	8.71947
313.4977348814573	0.472606	0.00429641	1063772.	0.811501	0.713663	0.964804	8.01324	8.65707
314.4977348814573	0.472015	0.00427488	1065017.	0.812037	0.714983	0.96487	7.95738	8.5952
315.4977348814573	0.471427	0.0042535	1066256.	0.81257	0.716297	0.964936	7.90198	8.53386
316.4977348814573	0.470842	0.00423227	1067488.	0.813102	0.717606	0.965001	7.84704	8.47303
317.4977348814573	0.47026	0.00421118	1068715.	0.813633	0.71891	0.965066	7.79255	8.41272
318.4977348814573	0.469681	0.00419023	1069935.	0.814162	0.720209	0.96513	7.73851	8.35292
319.4977348814573	0.469105	0.00416943	1071150.	0.814689	0.721504	0.965195	7.68492	8.29362
320.4977348814573	0.468531	0.00414877	1072358.	0.815214	0.722793	0.965259	7.63177	8.23482
321.4977348814573	0.467961	0.00412825	1073560.	0.815738	0.724078	0.965322	7.57906	8.17652
322.4977348814573	0.467393	0.00410787	1074756.	0.81626	0.725358	0.965385	7.52678	8.1187
323.4977348814573	0.466828	0.00408762	1075947.	0.816781	0.726633	0.965448	7.47492	8.06137
324.4977348814573	0.466265	0.00406751	1077131.	0.8173	0.727903	0.965511	7.42349	8.00451
325.4977348814573	0.465705	0.00404754	1078310.	0.817817	0.729168	0.965573	7.37248	7.94813
326.4977348814573	0.465149	0.0040277	1079483.	0.818333	0.730429	0.965635	7.32189	7.89222
327.4977348814573	0.464594	0.00400799	1080650.	0.818847	0.731685	0.965697	7.2717	7.83678
328.4977348814573	0.464043	0.00398842	1081812.	0.819359	0.732937	0.965758	7.22193	7.78179
329.4977348814573	0.463494	0.00396897	1082968.	0.81987	0.734184	0.965819	7.17256	7.72726
330.4977348814573	0.462947	0.00394966	1084118.	0.82038	0.735426	0.96588	7.12358	7.67318
331.4977348814573	0.462404	0.00393047	1085263.	0.820887	0.736663	0.96594	7.07501	7.61955
332.4977348814573	0.461863	0.00391141	1086402.	0.821394	0.737896	0.966	7.02682	7.56636
333.4977348814573	0.461324	0.00389247	1087535.	0.821898	0.739125	0.96606	6.97902	7.51361
334.4977348814573	0.460788	0.00387366	1088663.	0.822401	0.740348	0.966119	6.93161	7.46129
335.4977348814573	0.460255	0.00385497	1089786.	0.822903	0.741568	0.966178	6.88457	7.4094
336.4977348814573	0.459724	0.00383641	1090903.	0.823403	0.742783	0.966237	6.83792	7.35794
337.4977348814573	0.459196	0.00381797	1092015.	0.823901	0.743993	0.966295	6.79163	7.30689
338.4977348814573	0.45867	0.00379964	1093122.	0.824398	0.745199	0.966354	6.74572	7.25626
339.4977348814573	0.458147	0.00378144	1094223.	0.824894	0.7464	0.966411	6.70017	7.20605
340.4977348814573	0.457626	0.00376335	1095319.	0.825387	0.747597	0.966469	6.65498	7.15624
341.4977348814573	0.457108	0.00374538	1096410.	0.82588	0.74879	0.966526	6.61016	7.10684
342.4977348814573	0.456592	0.00372753	1097495.	0.826371	0.749978	0.966583	6.56569	7.05784
343.4977348814573	0.456078	0.00370979	1098575.	0.82686	0.751162	0.96664	6.52157	7.00924
344.4977348814573	0.455567	0.00369217	1099651.	0.827348	0.752342	0.966696	6.4778	6.96103
345.4977348814573	0.455058	0.00367466	1100721.	0.827834	0.753517	0.966753	6.43437	6.9132
346.4977348814573	0.454552	0.00365726	1101786.	0.828319	0.754688	0.966808	6.39129	6.86577
347.4977348814573	0.454048	0.00363998	1102846.	0.828802	0.755855	0.966864	6.34854	6.81871
348.4977348814573	0.453546	0.0036228	1103901.	0.829284	0.757017	0.966919	6.30614	6.77204
349.4977348814573	0.453047	0.00360574	1104951.	0.829765	0.758176	0.966974	6.26406	6.72574
350.4977348814573	0.45255	0.00358878	1105996.	0.830244	0.75933	0.967029	6.22231	6.6798
351.4977348814573	0.452056	0.00357193	1107036.	0.830721	0.76048	0.967084	6.1809	6.63424
352.4977348814573	0.451563	0.00355519	1108071.	0.831197	0.761625	0.967138	6.1398	6.58904
353.4977348814573	0.451073	0.00353855	1109101.	0.831672	0.762767	0.967192	6.09902	6.5442
354.4977348814573	0.450585	0.00352202	1110127.	0.832145	0.763904	0.967245	6.05857	6.49972
355.4977348814573	0.4501	0.00350559	1111148.	0.832616	0.765038	0.967299	6.01842	6.45559
356.4977348814573	0.449617	0.00348926	1112164.	0.833087	0.766167	0.967352	5.97859	6.41181
357.4977348814573	0.449136	0.00347304	1113175.	0.833556	0.767292	0.967405	5.93907	6.36838
358.4977348814573	0.448657	0.00345692	1114182.	0.834023	0.768413	0.967457	5.89985	6.3253
359.4977348814573	0.44818	0.0034409	1115184.	0.834489	0.769531	0.96751	5.86093	6.28255
360.4977348814573	0.447705	0.00342498	1116181.	0.834954	0.770644	0.967562	5.82232	6.24014
361.4977348814573	0.447233	0.00340915	1117174.	0.835417	0.771753	0.967614	5.784	6.19806
362.4977348814573	0.446763	0.00339343	1118162.	0.835878	0.772858	0.967665	5.74598	6.15632
363.4977348814573	0.446295	0.0033778	1119145.	0.836339	0.773959	0.967717	5.70824	6.1149
364.4977348814573	0.445829	0.00336227	1120125.	0.836798	0.775056	0.967768	5.6708	6.07381
365.4977348814573	0.445365	0.00334684	1121099.	0.837255	0.77615	0.967818	5.63365	6.03304
366.4977348814573	0.444904	0.0033315	1122069.	0.837712	0.777239	0.967869	5.59678	5.99259
367.4977348814573	0.444444	0.00331625	1123035.	0.838166	0.778325	0.967919	5.56019	5.95246
368.4977348814573	0.443986	0.0033011	1123996.	0.83862	0.779406	0.967969	5.52388	5.91263
369.4977348814573	0.443531	0.00328604	1124953.	0.839072	0.780484	0.968019	5.48784	5.87312
370.4977348814573	0.443078	0.00327108	1125905.	0.839523	0.781558	0.968069	5.45208	5.83392
371.4977348814573	0.442626	0.0032562	1126853.	0.839972	0.782629	0.968118	5.41659	5.79502
372.4977348814573	0.442177	0.00324142	1127797.	0.84042	0.783695	0.968167	5.38137	5.75642
373.4977348814573	0.44173	0.00322672	1128737.	0.840867	0.784758	0.968216	5.34641	5.71812
374.4977348814573	0.441284	0.00321211	1129672.	0.841312	0.785816	0.968265	5.31172	5.68012
375.4977348814573	0.440841	0.0031976	1130603.	0.841756	0.786872	0.968313	5.2773	5.64241
376.4977348814573	0.4404	0.00318316	1131530.	0.842198	0.787923	0.968362	5.24313	5.60499
377.4977348814573	0.43996	0.00316882	1132453.	0.84264	0.788971	0.96841	5.20921	5.56785
378.4977348814573	0.439523	0.00315456	1133371.	0.84308	0.790015	0.968457	5.17556	5.53101
379.4977348814573	0.439087	0.00314039	1134286.	0.843518	0.791055	0.968505	5.14215	5.49445
380.4977348814573	0.438654	0.0031263	1135196.	0.843956	0.792092	0.968552	5.109	5.45816
381.4977348814573	0.438222	0.0031123	1136102.	0.844392	0.793125	0.968599	5.07609	5.42216
382.4977348814573	0.437793	0.00309838	1137004.	0.844826	0.794154	0.968646	5.04343	5.38643
383.4977348814573	0.437365	0.00308454	1137902.	0.84526	0.79518	0.968693	5.01101	5.35097
384.4977348814573	0.436939	0.00307079	1138796.	0.845692	0.796202	0.968739	4.97884	5.31578
385.4977348814573	0.436515	0.00305712	1139687.	0.846123	0.797221	0.968785	4.9469	5.28087
386.4977348814573	0.436093	0.00304352	1140573.	0.846552	0.798236	0.968831	4.9152	5.24621
387.4977348814573	0.435672	0.00303001	1141455.	0.846981	0.799247	0.968877	4.88374	5.21182
388.4977348814573	0.435254	0.00301658	1142333.	0.847408	0.800255	0.968923	4.8525	5.17769
389.4977348814573	0.434837	0.00300323	1143208.	0.847833	0.80126	0.968968	4.8215	5.14382
390.4977348814573	0.434422	0.00298995	1144078.	0.848258	0.802261	0.969013	4.79073	5.11021
391.4977348814573	0.434009	0.00297676	1144945.	0.848681	0.803258	0.969058	4.76019	5.07685
392.4977348814573	0.433598	0.00296364	1145808.	0.849103	0.804252	0.969103	4.72987	5.04374
393.4977348814573	0.433189	0.00295059	1146667.	0.849523	0.805243	0.969147	4.69977	5.01088
394.4977348814573	0.432781	0.00293763	1147522.	0.849943	0.80623	0.969191	4.6699	4.97826
395.4977348814573	0.432375	0.00292473	1148374.	0.850361	0.807213	0.969235	4.64024	4.9459
396.4977348814573	0.431971	0.00291192	1149222.	0.850778	0.808194	0.969279	4.6108	4.91377
397.4977348814573	0.431569	0.00289918	1150066.	0.851194	0.809171	0.969323	4.58158	4.88189
398.4977348814573	0.431168	0.00288651	1150906.	0.851608	0.810144	0.969366	4.55257	4.85024
399.4977348814573	0.430769	0.00287391	1151743.	0.852021	0.811114	0.96941	4.52377	4.81883
400.4977348814573	0.430372	0.00286139	1152576.	0.852433	0.812081	0.969453	4.49518	4.78765
401.4977348814573	0.429977	0.00284894	1153405.	0.852844	0.813044	0.969496	4.4668	4.75671
402.4977348814573	0.429583	0.00283656	1154231.	0.853253	0.814005	0.969538	4.43863	4.726
403.4977348814573	0.429191	0.00282425	1155053.	0.853662	0.814961	0.969581	4.41066	4.69551
404.4977348814573	0.428801	0.00281201	1155872.	0.854069	0.815915	0.969623	4.38289	4.66526
405.4977348814573	0.428412	0.00279984	1156687.	0.854475	0.816865	0.969665	4.35533	4.63522
406.4977348814573	0.428025	0.00278775	1157499.	0.854879	0.817812	0.969707	4.32796	4.60541
407.4977348814573	0.42764	0.00277572	1158307.	0.855283	0.818756	0.969749	4.3008	4.57582
408.4977348814573	0.427256	0.00276375	1159112.	0.855685	0.819696	0.96979	4.27382	4.54645
409.4977348814573	0.426874	0.00275186	1159913.	0.856086	0.820634	0.969832	4.24705	4.51729
410.4977348814573	0.426494	0.00274003	1160711.	0.856486	0.821568	0.969873	4.22046	4.48835
411.4977348814573	0.426115	0.00272827	1161505.	0.856885	0.822499	0.969914	4.19407	4.45962
412.4977348814573	0.425737	0.00271658	1162296.	0.857282	0.823426	0.969955	4.16786	4.43111
413.4977348814573	0.425362	0.00270495	1163083.	0.857679	0.824351	0.969995	4.14184	4.4028
414.4977348814573	0.424988	0.00269339	1163868.	0.858074	0.825272	0.970036	4.11601	4.3747
415.4977348814573	0.424615	0.0026819	1164648.	0.858468	0.826191	0.970076	4.09037	4.3468
416.4977348814573	0.424244	0.00267046	1165426.	0.858861	0.827106	0.970116	4.0649	4.31911
417.4977348814573	0.423875	0.00265909	1166200.	0.859253	0.828018	0.970156	4.03962	4.29162
418.4977348814573	0.423507	0.00264779	1166971.	0.859643	0.828927	0.970196	4.01452	4.26434
419.4977348814573	0.423141	0.00263655	1167738.	0.860033	0.829833	0.970235	3.9896	4.23725
420.4977348814573	0.422777	0.00262537	1168503.	0.860421	0.830735	0.970274	3.96485	4.21035
421.4977348814573	0.422413	0.00261425	1169264.	0.860808	0.831635	0.970314	3.94028	4.18366
422.4977348814573	0.422052	0.00260319	1170022.	0.861194	0.832532	0.970353	3.91588	4.15715
423.4977348814573	0.421692	0.0025922	1170776.	0.861579	0.833425	0.970392	3.89166	4.13084
424.4977348814573	0.421333	0.00258126	1171528.	0.861963	0.834316	0.97043	3.86761	4.10472
425.4977348814573	0.420976	0.00257039	1172276.	0.862345	0.835203	0.970469	3.84373	4.07879
426.4977348814573	0.42062	0.00255958	1173021.	0.862727	0.836088	0.970507	3.82001	4.05305
427.4977348814573	0.420266	0.00254882	1173763.	0.863107	0.83697	0.970545	3.79647	4.02749
428.4977348814573	0.419914	0.00253813	1174502.	0.863487	0.837848	0.970583	3.77308	4.00211
429.4977348814573	0.419562	0.00252749	1175238.	0.863865	0.838724	0.970621	3.74987	3.97692
430.4977348814573	0.419213	0.00251691	1175971.	0.864242	0.839597	0.970659	3.72681	3.95191
431.4977348814573	0.418864	0.00250639	1176700.	0.864618	0.840466	0.970696	3.70392	3.92708
432.4977348814573	0.418518	0.00249593	1177427.	0.864992	0.841333	0.970733	3.68119	3.90242
433.4977348814573	0.418172	0.00248552	1178151.	0.865366	0.842197	0.970771	3.65862	3.87795
434.4977348814573	0.417828	0.00247517	1178871.	0.865739	0.843058	0.970808	3.6362	3.85364
435.4977348814573	0.417486	0.00246487	1179589.	0.86611	0.843916	0.970844	3.61394	3.82952
436.4977348814573	0.417144	0.00245463	1180303.	0.866481	0.844772	0.970881	3.59184	3.80556
437.4977348814573	0.416805	0.00244445	1181015.	0.86685	0.845624	0.970918	3.56989	3.78177
438.4977348814573	0.416466	0.00243432	1181724.	0.867219	0.846474	0.970954	3.54809	3.75816
439.4977348814573	0.416129	0.00242425	1182429.	0.867586	0.84732	0.97099	3.52644	3.73471
440.4977348814573	0.415794	0.00241423	1183132.	0.867952	0.848164	0.971026	3.50495	3.71143
441.4977348814573	0.41546	0.00240426	1183832.	0.868317	0.849005	0.971062	3.4836	3.68831
442.4977348814573	0.415127	0.00239435	1184529.	0.868681	0.849844	0.971098	3.4624	3.66536
443.4977348814573	0.414795	0.00238449	1185223.	0.869044	0.850679	0.971133	3.44135	3.64257
444.4977348814573	0.414465	0.00237468	1185915.	0.869406	0.851512	0.971169	3.42044	3.61994
445.4977348814573	0.414136	0.00236493	1186603.	0.869767	0.852342	0.971204	3.39968	3.59747
446.4977348814573	0.413809	0.00235523	1187289.	0.870127	0.853169	0.971239	3.37906	3.57516
447.4977348814573	0.413483	0.00234558	1187972.	0.870485	0.853993	0.971274	3.35858	3.55301
448.4977348814573	0.413158	0.00233598	1188652.	0.870843	0.854815	0.971309	3.33824	3.53101
449.4977348814573	0.412834	0.00232643	1189329.	0.8712	0.855634	0.971344	3.31805	3.50917
450.4977348814573	0.412512	0.00231693	1190003.	0.871555	0.85645	0.971378	3.29799	3.48748
451.4977348814573	0.412191	0.00230748	1190675.	0.87191	0.857264	0.971413	3.27806	3.46594
452.4977348814573	0.411872	0.00229808	1191344.	0.872263	0.858074	0.971447	3.25828	3.44455
453.4977348814573	0.411554	0.00228873	1192010.	0.872616	0.858883	0.971481	3.23863	3.42331
454.4977348814573	0.411237	0.00227943	1192674.	0.872967	0.859688	0.971515	3.21911	3.40223
455.4977348814573	0.410921	0.00227018	1193335.	0.873318	0.860491	0.971549	3.19973	3.38128
456.4977348814573	0.410606	0.00226098	1193993.	0.873667	0.861291	0.971583	3.18048	3.36049
457.4977348814573	0.410293	0.00225182	1194648.	0.874016	0.862089	0.971616	3.16136	3.33984
458.4977348814573	0.409981	0.00224272	1195301.	0.874363	0.862884	0.971649	3.14237	3.31933
459.4977348814573	0.409671	0.00223366	1195952.	0.87471	0.863676	0.971683	3.12351	3.29897
460.4977348814573	0.409361	0.00222464	1196599.	0.875055	0.864466	0.971716	3.10477	3.27874
461.4977348814573	0.409053	0.00221568	1197244.	0.8754	0.865253	0.971749	3.08617	3.25866
462.4977348814573	0.408746	0.00220676	1197887.	0.875743	0.866037	0.971782	3.06769	3.23872
463.4977348814573	0.40844	0.00219789	1198526.	0.876086	0.866819	0.971814	3.04933	3.21891
464.4977348814573	0.408136	0.00218906	1199164.	0.876427	0.867598	0.971847	3.0311	3.19925
465.4977348814573	0.407832	0.00218028	1199798.	0.876768	0.868375	0.971879	3.01299	3.17971
466.4977348814573	0.40753	0.00217154	1200430.	0.877107	0.86915	0.971912	2.995	3.16031
467.4977348814573	0.407229	0.00216285	1201060.	0.877445	0.869921	0.971944	2.97714	3.14105
468.4977348814573	0.40693	0.0021542	1201687.	0.877783	0.87069	0.971976	2.95939	3.12192
469.4977348814573	0.406631	0.0021456	1202312.	0.87812	0.871457	0.972008	2.94177	3.10292
470.4977348814573	0.406334	0.00213704	1202934.	0.878455	0.872221	0.972039	2.92426	3.08405
471.4977348814573	0.406038	0.00212853	1203553.	0.87879	0.872983	0.972071	2.90687	3.06531
472.4977348814573	0.405743	0.00212006	1204170.	0.879123	0.873742	0.972102	2.88959	3.0467
473.4977348814573	0.405449	0.00211163	1204785.	0.879456	0.874499	0.972134	2.87244	3.02821
474.4977348814573	0.405156	0.00210325	1205397.	0.879788	0.875253	0.972165	2.85539	3.00986
475.4977348814573	0.404865	0.0020949	1206007.	0.880119	0.876005	0.972196	2.83846	2.99162
476.4977348814573	0.404574	0.0020866	1206615.	0.880448	0.876754	0.972227	2.82164	2.97352
477.4977348814573	0.404285	0.00207835	1207220.	0.880777	0.877501	0.972258	2.80494	2.95553
478.4977348814573	0.403997	0.00207013	1207822.	0.881105	0.878246	0.972289	2.78835	2.93767
479.4977348814573	0.40371	0.00206196	1208422.	0.881432	0.878988	0.972319	2.77186	2.91993
480.4977348814573	0.403424	0.00205382	1209020.	0.881758	0.879727	0.97235	2.75549	2.90231
481.4977348814573	0.403139	0.00204573	1209616.	0.882083	0.880465	0.97238	2.73922	2.88481
482.4977348814573	0.402856	0.00203768	1210209.	0.882407	0.881199	0.97241	2.72306	2.86743
483.4977348814573	0.402573	0.00202967	1210800.	0.882731	0.881932	0.97244	2.70701	2.85017
484.4977348814573	0.402292	0.0020217	1211388.	0.883053	0.882662	0.97247	2.69107	2.83302
485.4977348814573	0.402011	0.00201377	1211974.	0.883374	0.88339	0.9725	2.67523	2.81599
486.4977348814573	0.401732	0.00200587	1212558.	0.883695	0.884115	0.97253	2.65949	2.79907
487.4977348814573	0.401454	0.00199802	1213140.	0.884014	0.884838	0.97256	2.64386	2.78227
488.4977348814573	0.401177	0.00199021	1213719.	0.884333	0.885559	0.972589	2.62834	2.76559
489.4977348814573	0.400901	0.00198244	1214296.	0.884651	0.886277	0.972618	2.61291	2.74901
490.4977348814573	0.400626	0.0019747	1214871.	0.884967	0.886993	0.972648	2.59759	2.73255
491.4977348814573	0.400352	0.001967	1215444.	0.885283	0.887707	0.972677	2.58236	2.71619
492.4977348814573	0.400079	0.00195934	1216014.	0.885598	0.888418	0.972706	2.56724	2.69995
493.4977348814573	0.399808	0.00195172	1216582.	0.885912	0.889128	0.972735	2.55221	2.68381
494.4977348814573	0.399537	0.00194414	1217148.	0.886226	0.889835	0.972763	2.53729	2.66779
495.4977348814573	0.399267	0.00193659	1217712.	0.886538	0.890539	0.972792	2.52246	2.65187
496.4977348814573	0.398999	0.00192909	1218273.	0.886849	0.891241	0.972821	2.50773	2.63606
497.4977348814573	0.398731	0.00192161	1218832.	0.88716	0.891942	0.972849	2.49309	2.62035
498.4977348814573	0.398465	0.00191418	1219390.	0.887469	0.892639	0.972877	2.47855	2.60475
499.4977348814573	0.398199	0.00190678	1219945.	0.887778	0.893335	0.972906	2.4641	2.58925
500.4977348814573	0.397935	0.00189942	1220498.	0.888086	0.894028	0.972934	2.44975	2.57385
501.4977348814573	0.397671	0.00189209	1221048.	0.888393	0.894719	0.972962	2.43549	2.55856
502.4977348814573	0.397409	0.0018848	1221597.	0.888699	0.895408	0.97299	2.42133	2.54337
503.4977348814573	0.397147	0.00187755	1222143.	0.889004	0.896095	0.973017	2.40726	2.52828
504.4977348814573	0.396887	0.00187033	1222688.	0.889308	0.89678	0.973045	2.39327	2.51329
505.4977348814573	0.396627	0.00186314	1223230.	0.889612	0.897462	0.973073	2.37938	2.4984
506.4977348814573	0.396369	0.00185599	1223770.	0.889914	0.898142	0.9731	2.36558	2.48361
507.4977348814573	0.396111	0.00184888	1224308.	0.890216	0.89882	0.973127	2.35187	2.46892
508.4977348814573	0.395855	0.0018418	1224845.	0.890517	0.899496	0.973155	2.33824	2.45432
509.4977348814573	0.395599	0.00183475	1225379.	0.890817	0.90017	0.973182	2.32471	2.43982
510.4977348814573	0.395344	0.00182774	1225911.	0.891116	0.900841	0.973209	2.31126	2.42542
511.4977348814573	0.395091	0.00182076	1226441.	0.891414	0.901511	0.973236	2.2979	2.41111
512.4977348814573	0.394838	0.00181382	1226969.	0.891712	0.902178	0.973262	2.28462	2.39689
513.4977348814573	0.394586	0.0018069	1227494.	0.892009	0.902843	0.973289	2.27143	2.38277
514.4977348814573	0.394336	0.00180003	1228018.	0.892304	0.903506	0.973316	2.25833	2.36874
515.4977348814573	0.394086	0.00179318	1228540.	0.892599	0.904167	0.973342	2.2453	2.3548
516.4977348814573	0.393837	0.00178637	1229060.	0.892893	0.904826	0.973369	2.23237	2.34096
517.4977348814573	0.393589	0.00177959	1229578.	0.893186	0.905482	0.973395	2.21951	2.3272
518.4977348814573	0.393342	0.00177284	1230094.	0.893479	0.906137	0.973421	2.20674	2.31354
519.4977348814573	0.393096	0.00176612	1230608.	0.89377	0.90679	0.973447	2.19405	2.29997
520.4977348814573	0.392851	0.00175944	1231120.	0.894061	0.90744	0.973473	2.18144	2.28648
521.4977348814573	0.392607	0.00175279	1231631.	0.894351	0.908088	0.973499	2.16891	2.27308
522.4977348814573	0.392363	0.00174617	1232139.	0.89464	0.908735	0.973525	2.15646	2.25977
523.4977348814573	0.392121	0.00173958	1232645.	0.894928	0.909379	0.97355	2.14409	2.24655
524.4977348814573	0.391879	0.00173302	1233150.	0.895216	0.910021	0.973576	2.13179	2.23341
525.4977348814573	0.391639	0.0017265	1233652.	0.895503	0.910662	0.973601	2.11958	2.22036
526.4977348814573	0.391399	0.00172	1234153.	0.895788	0.9113	0.973627	2.10745	2.20739
527.4977348814573	0.39116	0.00171354	1234652.	0.896073	0.911936	0.973652	2.09539	2.19451
528.4977348814573	0.390923	0.0017071	1235148.	0.896358	0.91257	0.973677	2.0834	2.18171
529.4977348814573	0.390686	0.0017007	1235643.	0.896641	0.913203	0.973702	2.0715	2.16899
530.4977348814573	0.390449	0.00169432	1236137.	0.896924	0.913833	0.973727	2.05967	2.15636
531.4977348814573	0.390214	0.00168798	1236628.	0.897205	0.914461	0.973752	2.04791	2.1438
532.4977348814573	0.38998	0.00168166	1237117.	0.897486	0.915087	0.973777	2.03623	2.13133
533.4977348814573	0.389746	0.00167538	1237605.	0.897766	0.915712	0.973801	2.02462	2.11894
534.4977348814573	0.389514	0.00166912	1238091.	0.898046	0.916334	0.973826	2.01309	2.10663
535.4977348814573	0.389282	0.0016629	1238575.	0.898324	0.916954	0.973851	2.00162	2.0944
536.4977348814573	0.389051	0.0016567	1239057.	0.898602	0.917573	0.973875	1.99024	2.08225
537.4977348814573	0.388821	0.00165053	1239537.	0.898879	0.918189	0.973899	1.97892	2.07017
538.4977348814573	0.388592	0.00164439	1240016.	0.899156	0.918804	0.973923	1.96767	2.05818
539.4977348814573	0.388363	0.00163828	1240493.	0.899431	0.919416	0.973948	1.95649	2.04626
540.4977348814573	0.388136	0.0016322	1240968.	0.899706	0.920027	0.973972	1.94539	2.03442
541.4977348814573	0.387909	0.00162614	1241441.	0.89998	0.920636	0.973996	1.93435	2.02265
542.4977348814573	0.387683	0.00162011	1241913.	0.900253	0.921243	0.974019	1.92338	2.01096
543.4977348814573	0.387458	0.00161411	1242382.	0.900525	0.921848	0.974043	1.91249	1.99934
544.4977348814573	0.387234	0.00160814	1242851.	0.900797	0.922451	0.974067	1.90166	1.9878
545.4977348814573	0.387011	0.0016022	1243317.	0.901067	0.923052	0.97409	1.89089	1.97633
546.4977348814573	0.386788	0.00159628	1243781.	0.901338	0.923651	0.974114	1.8802	1.96494
547.4977348814573	0.386566	0.00159039	1244244.	0.901607	0.924249	0.974137	1.86957	1.95361
548.4977348814573	0.386345	0.00158453	1244706.	0.901875	0.924844	0.974161	1.85901	1.94236
549.4977348814573	0.386125	0.00157869	1245165.	0.902143	0.925438	0.974184	1.84851	1.93118
550.4977348814573	0.385906	0.00157289	1245623.	0.90241	0.92603	0.974207	1.83808	1.92008
551.4977348814573	0.385688	0.0015671	1246079.	0.902676	0.92662	0.97423	1.82771	1.90904
552.4977348814573	0.38547	0.00156135	1246533.	0.902942	0.927208	0.974253	1.81741	1.89807
553.4977348814573	0.385253	0.00155562	1246986.	0.903207	0.927794	0.974276	1.80717	1.88718
554.4977348814573	0.385037	0.00154991	1247437.	0.903471	0.928379	0.974299	1.797	1.87635
555.4977348814573	0.384821	0.00154424	1247887.	0.903734	0.928962	0.974321	1.78689	1.86559
556.4977348814573	0.384607	0.00153858	1248334.	0.903996	0.929543	0.974344	1.77684	1.8549
557.4977348814573	0.384393	0.00153296	1248781.	0.904258	0.930122	0.974366	1.76685	1.84428
558.4977348814573	0.38418	0.00152736	1249225.	0.904519	0.930699	0.974389	1.75693	1.83372
559.4977348814573	0.383968	0.00152178	1249668.	0.90478	0.931274	0.974411	1.74707	1.82323
560.4977348814573	0.383757	0.00151623	1250109.	0.905039	0.931848	0.974434	1.73726	1.81281
561.4977348814573	0.383546	0.00151071	1250549.	0.905298	0.93242	0.974456	1.72752	1.80245
562.4977348814573	0.383336	0.00150521	1250987.	0.905556	0.93299	0.974478	1.71784	1.79216
563.4977348814573	0.383127	0.00149973	1251424.	0.905814	0.933559	0.9745	1.70822	1.78193
564.4977348814573	0.382918	0.00149428	1251859.	0.90607	0.934125	0.974522	1.69865	1.77177
565.4977348814573	0.382711	0.00148885	1252292.	0.906326	0.93469	0.974544	1.68915	1.76167
566.4977348814573	0.382504	0.00148345	1252724.	0.906581	0.935253	0.974566	1.6797	1.75163
567.4977348814573	0.382298	0.00147807	1253154.	0.906836	0.935815	0.974587	1.67032	1.74166
568.4977348814573	0.382092	0.00147272	1253582.	0.90709	0.936374	0.974609	1.66099	1.73175
569.4977348814573	0.381888	0.00146739	1254009.	0.907343	0.936932	0.97463	1.65171	1.7219
570.4977348814573	0.381684	0.00146208	1254435.	0.907595	0.937488	0.974652	1.6425	1.71212
571.4977348814573	0.38148	0.0014568	1254859.	0.907847	0.938043	0.974673	1.63334	1.70239
572.4977348814573	0.381278	0.00145154	1255281.	0.908098	0.938596	0.974695	1.62423	1.69273
573.4977348814573	0.381076	0.0014463	1255702.	0.908348	0.939147	0.974716	1.61519	1.68313
574.4977348814573	0.380875	0.00144109	1256122.	0.908598	0.939696	0.974737	1.60619	1.67358
575.4977348814573	0.380675	0.0014359	1256540.	0.908846	0.940244	0.974758	1.59726	1.6641
576.4977348814573	0.380475	0.00143074	1256956.	0.909095	0.94079	0.974779	1.58837	1.65467
577.4977348814573	0.380276	0.00142559	1257371.	0.909342	0.941334	0.9748	1.57954	1.64531
578.4977348814573	0.380078	0.00142047	1257784.	0.909589	0.941877	0.974821	1.57077	1.636
579.4977348814573	0.379881	0.00141537	1258196.	0.909835	0.942418	0.974841	1.56205	1.62675
580.4977348814573	0.379684	0.0014103	1258607.	0.91008	0.942957	0.974862	1.55338	1.61755
581.4977348814573	0.379488	0.00140524	1259016.	0.910325	0.943495	0.974883	1.54476	1.60842
582.4977348814573	0.379293	0.00140021	1259423.	0.910569	0.944031	0.974903	1.5362	1.59934
583.4977348814573	0.379098	0.0013952	1259829.	0.910812	0.944565	0.974924	1.52769	1.59032
584.4977348814573	0.378904	0.00139022	1260234.	0.911055	0.945098	0.974944	1.51923	1.58135
585.4977348814573	0.378711	0.00138525	1260637.	0.911297	0.945629	0.974964	1.51082	1.57244
586.4977348814573	0.378518	0.00138031	1261039.	0.911538	0.946158	0.974985	1.50246	1.56358
587.4977348814573	0.378326	0.00137539	1261439.	0.911779	0.946686	0.975005	1.49415	1.55478
588.4977348814573	0.378135	0.00137049	1261838.	0.912018	0.947212	0.975025	1.48589	1.54603
589.4977348814573	0.377944	0.00136561	1262235.	0.912258	0.947737	0.975045	1.47768	1.53734
590.4977348814573	0.377754	0.00136075	1262631.	0.912496	0.94826	0.975065	1.46953	1.5287
591.4977348814573	0.377565	0.00135591	1263026.	0.912734	0.948781	0.975085	1.46142	1.52011
592.4977348814573	0.377377	0.0013511	1263419.	0.912971	0.949301	0.975104	1.45336	1.51158
593.4977348814573	0.377189	0.0013463	1263811.	0.913208	0.949819	0.975124	1.44535	1.5031
594.4977348814573	0.377002	0.00134153	1264201.	0.913444	0.950336	0.975144	1.43738	1.49467
595.4977348814573	0.376815	0.00133677	1264590.	0.913679	0.950851	0.975163	1.42947	1.48629
596.4977348814573	0.376629	0.00133204	1264978.	0.913914	0.951364	0.975183	1.4216	1.47797
597.4977348814573	0.376444	0.00132733	1265364.	0.914148	0.951876	0.975202	1.41378	1.46969
598.4977348814573	0.376259	0.00132264	1265749.	0.914381	0.952386	0.975222	1.406	1.46147
599.4977348814573	0.376075	0.00131797	1266133.	0.914614	0.952895	0.975241	1.39828	1.4533
600.4977348814573	0.375892	0.00131331	1266515.	0.914846	0.953402	0.97526	1.3906	1.44517
601.4977348814573	0.375709	0.00130868	1266896.	0.915077	0.953908	0.975279	1.38296	1.4371
602.4977348814573	0.375527	0.00130407	1267276.	0.915308	0.954412	0.975299	1.37537	1.42907
603.4977348814573	0.375346	0.00129948	1267654.	0.915538	0.954915	0.975318	1.36783	1.4211
604.4977348814573	0.375165	0.00129491	1268031.	0.915767	0.955416	0.975337	1.36033	1.41317
605.4977348814573	0.374985	0.00129035	1268406.	0.915996	0.955915	0.975355	1.35288	1.40529
606.4977348814573	0.374806	0.00128582	1268780.	0.916224	0.956413	0.975374	1.34547	1.39746
607.438280735998	0.374637	0.00128157	1269131.	0.916438	0.956881	0.975392	1.33854	1.39014
608.438280735998	0.374459	0.00127708	1269503.	0.916665	0.957376	0.975411	1.33121	1.3824
609.438280735998	0.374282	0.0012726	1269873.	0.916891	0.957869	0.975429	1.32393	1.37471
610.438280735998	0.374105	0.00126815	1270242.	0.917117	0.958361	0.975448	1.3167	1.36707
611.438280735998	0.373928	0.00126371	1270610.	0.917342	0.958852	0.975466	1.3095	1.35947
612.438280735998	0.373752	0.00125929	1270976.	0.917566	0.959341	0.975485	1.30235	1.35192
613.438280735998	0.373577	0.00125489	1271342.	0.91779	0.959829	0.975503	1.29524	1.34441
614.438280735998	0.373403	0.0012505	1271705.	0.918013	0.960315	0.975521	1.28818	1.33695
615.438280735998	0.373229	0.00124614	1272068.	0.918236	0.9608	0.97554	1.28115	1.32953
616.438280735998	0.373055	0.00124179	1272429.	0.918457	0.961283	0.975558	1.27417	1.32216
617.438280735998	0.372883	0.00123747	1272790.	0.918679	0.961764	0.975576	1.26723	1.31484
618.438280735998	0.37271	0.00123316	1273149.	0.918899	0.962245	0.975594	1.26032	1.30756
619.438280735998	0.372539	0.00122887	1273506.	0.919119	0.962724	0.975612	1.25346	1.30032
620.438280735998	0.372368	0.0012246	1273863.	0.919339	0.963201	0.97563	1.24664	1.29312
621.438280735998	0.372197	0.00122034	1274218.	0.919558	0.963677	0.975648	1.23987	1.28597
622.438280735998	0.372028	0.00121611	1274572.	0.919776	0.964151	0.975665	1.23313	1.27887
623.438280735998	0.371858	0.00121189	1274924.	0.919993	0.964625	0.975683	1.22643	1.2718
624.438280735998	0.37169	0.00120769	1275276.	0.92021	0.965096	0.975701	1.21977	1.26478
625.438280735998	0.371522	0.0012035	1275626.	0.920427	0.965566	0.975718	1.21315	1.2578
626.438280735998	0.371354	0.00119934	1275975.	0.920643	0.966035	0.975736	1.20656	1.25086
627.438280735998	0.371187	0.00119519	1276323.	0.920858	0.966503	0.975753	1.20002	1.24396
628.438280735998	0.371021	0.00119106	1276669.	0.921072	0.966969	0.975771	1.19352	1.23711
629.438280735998	0.370855	0.00118694	1277015.	0.921286	0.967433	0.975788	1.18705	1.23029
630.438280735998	0.37069	0.00118285	1277359.	0.9215	0.967896	0.975805	1.18062	1.22352
631.438280735998	0.370526	0.00117877	1277702.	0.921712	0.968358	0.975822	1.17423	1.21679
632.438280735998	0.370362	0.0011747	1278044.	0.921925	0.968819	0.97584	1.16788	1.21009
633.438280735998	0.370198	0.00117066	1278385.	0.922136	0.969278	0.975857	1.16156	1.20344
634.438280735998	0.370035	0.00116663	1278724.	0.922347	0.969735	0.975874	1.15528	1.19683
635.438280735998	0.369873	0.00116261	1279062.	0.922558	0.970192	0.975891	1.14904	1.19025
636.438280735998	0.369711	0.00115862	1279400.	0.922768	0.970646	0.975908	1.14283	1.18372
637.438280735998	0.36955	0.00115464	1279736.	0.922977	0.9711	0.975924	1.13666	1.17723
638.438280735998	0.369389	0.00115068	1280071.	0.923186	0.971552	0.975941	1.13053	1.17077
639.438280735998	0.369229	0.00114673	1280404.	0.923394	0.972003	0.975958	1.12443	1.16435
640.438280735998	0.369069	0.0011428	1280737.	0.923601	0.972452	0.975975	1.11837	1.15797
641.438280735998	0.36891	0.00113888	1281068.	0.923808	0.972901	0.975991	1.11234	1.15163
642.438280735998	0.368752	0.00113499	1281399.	0.924015	0.973347	0.976008	1.10635	1.14532
643.438280735998	0.368594	0.0011311	1281728.	0.92422	0.973793	0.976024	1.1004	1.13906
644.438280735998	0.368436	0.00112724	1282056.	0.924426	0.974237	0.976041	1.09447	1.13283
645.438280735998	0.368279	0.00112339	1282383.	0.92463	0.97468	0.976057	1.08858	1.12664
646.438280735998	0.368123	0.00111955	1282708.	0.924834	0.975121	0.976074	1.08273	1.12048
647.438280735998	0.367967	0.00111573	1283033.	0.925038	0.975561	0.97609	1.07691	1.11436
648.438280735998	0.367812	0.00111193	1283357.	0.925241	0.976	0.976106	1.07113	1.10828
649.438280735998	0.367657	0.00110814	1283679.	0.925443	0.976437	0.976122	1.06537	1.10223
650.438280735998	0.367503	0.00110437	1284001.	0.925645	0.976874	0.976138	1.05965	1.09622
651.438280735998	0.367349	0.00110061	1284321.	0.925847	0.977308	0.976154	1.05397	1.09024
652.438280735998	0.367196	0.00109687	1284640.	0.926047	0.977742	0.97617	1.04832	1.0843
653.438280735998	0.367043	0.00109315	1284958.	0.926247	0.978174	0.976186	1.04269	1.0784
654.438280735998	0.366891	0.00108944	1285275.	0.926447	0.978605	0.976202	1.03711	1.07253
655.438280735998	0.366739	0.00108574	1285591.	0.926646	0.979035	0.976218	1.03155	1.06669
656.438280735998	0.366588	0.00108206	1285906.	0.926845	0.979463	0.976234	1.02603	1.06089
657.438280735998	0.366437	0.00107839	1286220.	0.927043	0.979891	0.97625	1.02054	1.05512
658.438280735998	0.366287	0.00107474	1286533.	0.92724	0.980316	0.976265	1.01508	1.04939
659.438280735998	0.366138	0.0010711	1286844.	0.927437	0.980741	0.976281	1.00965	1.04369
660.438280735998	0.365988	0.00106748	1287155.	0.927633	0.981164	0.976296	1.00425	1.03802
661.438280735998	0.36584	0.00106387	1287465.	0.927829	0.981587	0.976312	0.998885	1.03239
662.438280735998	0.365692	0.00106028	1287773.	0.928024	0.982007	0.976327	0.99355	1.02679
663.438280735998	0.365544	0.0010567	1288081.	0.928219	0.982427	0.976343	0.988245	1.02122
664.438280735998	0.365397	0.00105314	1288387.	0.928413	0.982845	0.976358	0.982971	1.01568
665.438280735998	0.36525	0.00104959	1288693.	0.928607	0.983262	0.976373	0.977727	1.01018
666.438280735998	0.365104	0.00104605	1288997.	0.9288	0.983678	0.976389	0.972514	1.00471
667.438280735998	0.364958	0.00104253	1289300.	0.928992	0.984093	0.976404	0.96733	0.999273
668.438280735998	0.364813	0.00103902	1289603.	0.929184	0.984506	0.976419	0.962176	0.993866
669.438280735998	0.364669	0.00103553	1289904.	0.929376	0.984918	0.976434	0.957051	0.988491
670.438280735998	0.364524	0.00103205	1290204.	0.929567	0.985329	0.976449	0.951956	0.983148
671.438280735998	0.364381	0.00102859	1290504.	0.929757	0.985739	0.976464	0.94689	0.977836
672.438280735998	0.364237	0.00102514	1290802.	0.929947	0.986147	0.976479	0.941853	0.972554
673.438280735998	0.364095	0.0010217	1291099.	0.930137	0.986555	0.976494	0.936844	0.967304
674.438280735998	0.363952	0.00101827	1291396.	0.930326	0.986961	0.976509	0.931865	0.962084
675.438280735998	0.363811	0.00101486	1291691.	0.930514	0.987366	0.976524	0.926914	0.956894
676.438280735998	0.363669	0.00101147	1291985.	0.930702	0.987769	0.976538	0.921991	0.951735
677.438280735998	0.363528	0.00100808	1292279.	0.930889	0.988172	0.976553	0.917096	0.946605
678.438280735998	0.363388	0.00100471	1292571.	0.931076	0.988573	0.976568	0.912229	0.941506
679.438280735998	0.363248	0.00100136	1292862.	0.931262	0.988973	0.976582	0.907389	0.936436
680.438280735998	0.363109	0.000998013	1293153.	0.931448	0.989372	0.976597	0.902577	0.931395
681.438280735998	0.36297	0.000994683	1293442.	0.931633	0.98977	0.976611	0.897793	0.926384
682.438280735998	0.362831	0.000991366	1293731.	0.931818	0.990166	0.976626	0.893036	0.921402
683.438280735998	0.362693	0.000988062	1294018.	0.932002	0.990562	0.97664	0.888306	0.916448
684.438280735998	0.362555	0.000984771	1294305.	0.932186	0.990956	0.976654	0.883603	0.911523
685.438280735998	0.362418	0.000981494	1294591.	0.932369	0.991349	0.976669	0.878926	0.906627
686.438280735998	0.362281	0.000978229	1294875.	0.932552	0.991741	0.976683	0.874276	0.901759
687.438280735998	0.362145	0.000974977	1295159.	0.932734	0.992131	0.976697	0.869652	0.896919
688.438280735998	0.362009	0.000971737	1295442.	0.932916	0.992521	0.976711	0.865055	0.892108
689.438280735998	0.361874	0.000968511	1295724.	0.933097	0.992909	0.976725	0.860483	0.887324
690.438280735998	0.361739	0.000965297	1296004.	0.933277	0.993297	0.976739	0.855938	0.882567
691.438280735998	0.361605	0.000962095	1296284.	0.933458	0.993683	0.976753	0.851418	0.877838
692.438280735998	0.361471	0.000958906	1296563.	0.933637	0.994068	0.976767	0.846924	0.873136
693.438280735998	0.361337	0.00095573	1296842.	0.933817	0.994452	0.976781	0.842455	0.868461
694.438280735998	0.361204	0.000952566	1297119.	0.933995	0.994834	0.976795	0.838011	0.863814
695.438280735998	0.361071	0.000949415	1297395.	0.934174	0.995216	0.976809	0.833593	0.859192
696.438280735998	0.360939	0.000946275	1297670.	0.934351	0.995597	0.976823	0.829199	0.854598
697.438280735998	0.360807	0.000943148	1297945.	0.934529	0.995976	0.976836	0.82483	0.85003
698.438280735998	0.360676	0.000940033	1298218.	0.934705	0.996354	0.97685	0.820486	0.845488
699.438280735998	0.360545	0.000936931	1298491.	0.934882	0.996731	0.976864	0.816166	0.840972
700.438280735998	0.360414	0.00093384	1298763.	0.935057	0.997107	0.976877	0.811871	0.836482
701.438280735998	0.360284	0.000930761	1299034.	0.935233	0.997482	0.976891	0.8076	0.832018
702.438280735998	0.360154	0.000927694	1299304.	0.935407	0.997856	0.976904	0.803352	0.827579
703.438280735998	0.360025	0.00092464	1299573.	0.935582	0.998229	0.976918	0.799129	0.823166
704.438280735998	0.359896	0.000921596	1299841.	0.935756	0.9986	0.976931	0.794929	0.818778
705.438280735998	0.359768	0.000918565	1300108.	0.935929	0.998971	0.976944	0.790753	0.814415
706.438280735998	0.35964	0.000915546	1300375.	0.936102	0.99934	0.976958	0.786601	0.810077
707.438280735998	0.359512	0.000912538	1300640.	0.936274	0.999709	0.976971	0.782471	0.805764
708.438280735998	0.359385	0.000909541	1300905.	0.936446	1.00008	0.976984	0.778365	0.801476
709.438280735998	0.359258	0.000906557	1301169.	0.936618	1.00044	0.976997	0.774282	0.797212
710.438280735998	0.359132	0.000903583	1301431.	0.936789	1.00081	0.977011	0.770222	0.792972
711.438280735998	0.359006	0.000900621	1301694.	0.936959	1.00117	0.977024	0.766184	0.788756
712.438280735998	0.358881	0.000897671	1301955.	0.937129	1.00153	0.977037	0.762169	0.784565
713.438280735998	0.358756	0.000894732	1302215.	0.937299	1.0019	0.97705	0.758177	0.780397
714.438280735998	0.358631	0.000891804	1302475.	0.937468	1.00226	0.977063	0.754206	0.776253
715.438280735998	0.358507	0.000888887	1302733.	0.937637	1.00262	0.977076	0.750258	0.772133
716.438280735998	0.358383	0.000885982	1302991.	0.937805	1.00298	0.977088	0.746332	0.768036
717.438280735998	0.358259	0.000883088	1303248.	0.937973	1.00333	0.977101	0.742428	0.763962
718.438280735998	0.358136	0.000880204	1303504.	0.93814	1.00369	0.977114	0.738546	0.759912
719.438280735998	0.358014	0.000877332	1303759.	0.938307	1.00405	0.977127	0.734685	0.755884
720.438280735998	0.357891	0.000874471	1304014.	0.938473	1.0044	0.97714	0.730846	0.75188
721.438280735998	0.357769	0.00087162	1304268.	0.938639	1.00475	0.977152	0.727028	0.747898
722.438280735998	0.357648	0.000868781	1304520.	0.938805	1.00511	0.977165	0.723232	0.743938
723.438280735998	0.357527	0.000865952	1304772.	0.93897	1.00546	0.977177	0.719456	0.740001
724.438280735998	0.357406	0.000863134	1305024.	0.939134	1.00581	0.97719	0.715702	0.736087
725.438280735998	0.357286	0.000860327	1305274.	0.939298	1.00616	0.977202	0.711969	0.732194
726.438280735998	0.357166	0.00085753	1305523.	0.939462	1.00651	0.977215	0.708256	0.728323
727.438280735998	0.357046	0.000854744	1305772.	0.939625	1.00685	0.977227	0.704563	0.724475
728.438280735998	0.356927	0.000851969	1306020.	0.939788	1.0072	0.97724	0.700892	0.720648
729.438280735998	0.356809	0.000849204	1306267.	0.93995	1.00755	0.977252	0.69724	0.716842
730.438280735998	0.35669	0.00084645	1306513.	0.940112	1.00789	0.977264	0.693609	0.713059
731.438280735998	0.356572	0.000843706	1306759.	0.940273	1.00823	0.977277	0.689998	0.709296
732.438280735998	0.356455	0.000840972	1307004.	0.940434	1.00858	0.977289	0.686407	0.705555
733.438280735998	0.356337	0.000838249	1307248.	0.940595	1.00892	0.977301	0.682836	0.701835
734.438280735998	0.356221	0.000835536	1307491.	0.940755	1.00926	0.977313	0.679285	0.698135
735.438280735998	0.356104	0.000832833	1307733.	0.940915	1.0096	0.977325	0.675753	0.694457
736.438280735998	0.355988	0.00083014	1307975.	0.941074	1.00993	0.977337	0.672241	0.690799
737.438280735998	0.355872	0.000827458	1308215.	0.941233	1.01027	0.977349	0.668748	0.687162
738.438280735998	0.355757	0.000824785	1308455.	0.941391	1.01061	0.977361	0.665275	0.683545