t	Ns	Ni	Dead_pi_0.0062	InterpolatingFunction[{{1, 2}}, {5, 3, 0, {2}, {2}, 0, 0, 0, 0, Automatic, {}, {}, False}, {{1, 2}}, {{Take[Table[], 231]}, {Transpose[Take[Table[], 231]][[5]]}}, {Automatic}]	LogRS	Rt	DiscHealthCost	DiscTotalCost
0.	0.985185	0.01	9791.14	0.481139	-0.331794	0.707003	34.6157	60.6565
1.	0.984192	0.00959358	12636.7	0.483119	-0.323583	0.712114	33.1434	58.8369
2.	0.983233	0.00921034	15367.5	0.48505	-0.315603	0.71712	31.7567	57.1146
3.	0.982305	0.00884866	17990.2	0.486935	-0.307846	0.722022	30.4496	55.483
4.	0.981407	0.00850708	20510.8	0.488775	-0.300305	0.726822	29.2164	53.9361
5.	0.980538	0.00818424	22934.9	0.49057	-0.292973	0.731523	28.0523	52.4682
6.	0.979696	0.00787889	25267.8	0.492322	-0.285841	0.736126	26.9524	51.0742
7.	0.97888	0.00758986	27514.4	0.494033	-0.278904	0.740633	25.9126	49.7495
8.	0.978089	0.0073161	29679.2	0.495703	-0.272154	0.745047	24.9287	48.4896
9.	0.977323	0.00705661	31766.6	0.497334	-0.265586	0.749368	23.9971	47.2905
10.	0.976578	0.00681049	33780.6	0.498926	-0.259193	0.7536	23.1145	46.1483
11.	0.975856	0.00657688	35724.9	0.500481	-0.252969	0.757744	22.2777	45.0596
12.	0.975154	0.00635501	37603.1	0.502	-0.246908	0.761802	21.4837	44.0212
13.	0.974472	0.00614415	39418.4	0.503484	-0.241006	0.765776	20.7299	43.03
14.	0.97381	0.00594362	41174.	0.504933	-0.235256	0.769668	20.0139	42.0833
15.	0.973165	0.00575281	42872.8	0.506349	-0.229654	0.77348	19.3331	41.1785
16.	0.972538	0.00557111	44517.4	0.507733	-0.224195	0.777213	18.6857	40.3131
17.	0.971928	0.00539801	46110.6	0.509086	-0.218874	0.780869	18.0694	39.4848
18.	0.971333	0.00523299	47654.6	0.510408	-0.213686	0.78445	17.4825	38.6917
19.	0.970755	0.00507558	49151.8	0.511701	-0.208628	0.787959	16.9232	37.9317
20.	0.970191	0.00492535	50604.4	0.512965	-0.203695	0.791395	16.3899	37.203
21.	0.969641	0.00478189	52014.3	0.5142	-0.198882	0.794762	15.8812	36.5039
22.	0.969104	0.00464482	53383.4	0.515409	-0.194187	0.798061	15.3956	35.8328
23.	0.968581	0.00451379	54713.6	0.516591	-0.189605	0.801293	14.9317	35.1881
24.	0.968071	0.00438845	56006.6	0.517747	-0.185133	0.804461	14.4885	34.5686
25.	0.967573	0.00426851	57264.	0.518879	-0.180767	0.807565	14.0648	33.9729
26.	0.967086	0.00415367	58487.2	0.519986	-0.176505	0.810606	13.6594	33.3998
27.	0.96661	0.00404366	59677.8	0.521069	-0.172342	0.813588	13.2714	32.848
28.	0.966146	0.00393822	60837.1	0.52213	-0.168275	0.81651	12.8999	32.3166
29.	0.965692	0.00383712	61966.5	0.523168	-0.164303	0.819375	12.544	31.8046
30.	0.965247	0.00374012	63067.	0.524185	-0.160421	0.822184	12.2028	31.3108
31.	0.964813	0.00364703	64140.	0.52518	-0.156627	0.824937	11.8756	30.8346
32.	0.964388	0.00355764	65186.4	0.526155	-0.152919	0.827637	11.5617	30.375
33.	0.963971	0.00347177	66207.4	0.527109	-0.149293	0.830285	11.2604	29.9312
34.	0.963564	0.00338924	67203.9	0.528044	-0.145748	0.832881	10.971	29.5025
35.	0.963165	0.00330989	68177.	0.52896	-0.142281	0.835427	10.6931	29.0881
36.	0.962774	0.00323355	69127.4	0.529858	-0.13889	0.837925	10.4259	28.6875
37.	0.962391	0.0031601	70056.	0.530738	-0.135572	0.840375	10.169	28.3
38.	0.962015	0.00308939	70963.8	0.5316	-0.132326	0.842779	9.92182	27.9249
39.	0.961647	0.00302128	71851.3	0.532445	-0.129149	0.845137	9.68397	27.5618
40.	0.961285	0.00295566	72719.5	0.533274	-0.126039	0.84745	9.45498	27.2101
41.	0.960931	0.00289242	73568.9	0.534086	-0.122995	0.849721	9.23443	26.8692
42.	0.960583	0.00283144	74400.3	0.534882	-0.120014	0.851949	9.02192	26.5388
43.	0.960242	0.00277261	75214.2	0.535664	-0.117096	0.854135	8.81708	26.2184
44.	0.959906	0.00271585	76011.4	0.53643	-0.114237	0.856281	8.61956	25.9075
45.	0.959577	0.00266106	76792.4	0.537181	-0.111437	0.858388	8.42903	25.6058
46.	0.959254	0.00260816	77557.8	0.537919	-0.108693	0.860456	8.24516	25.3129
47.	0.958936	0.00255705	78308.	0.538642	-0.106005	0.862486	8.06767	25.0283
48.	0.958624	0.00250767	79043.6	0.539352	-0.103371	0.864479	7.89626	24.7518
49.	0.958316	0.00245993	79765.2	0.540049	-0.100789	0.866436	7.73068	24.4831
50.	0.958014	0.00241377	80473.1	0.540733	-0.0982583	0.868358	7.57067	24.2217
51.	0.957718	0.00236912	81167.8	0.541404	-0.095777	0.870246	7.41599	23.9675
52.	0.957425	0.00232592	81849.8	0.542063	-0.0933439	0.8721	7.26641	23.7201
53.	0.957138	0.0022841	82519.4	0.54271	-0.0909579	0.873921	7.12171	23.4794
54.	0.956855	0.00224362	83177.	0.543345	-0.0886177	0.875709	6.9817	23.2449
55.	0.956577	0.00220441	83823.1	0.543969	-0.0863221	0.877466	6.84617	23.0165
56.	0.956302	0.00216643	84458.	0.544582	-0.08407	0.879193	6.71495	22.794
57.	0.956032	0.00212962	85082.	0.545184	-0.0818603	0.880889	6.58785	22.5771
58.	0.955766	0.00209394	85695.4	0.545776	-0.0796918	0.882555	6.46471	22.3657
59.	0.955504	0.00205934	86298.7	0.546357	-0.0775636	0.884193	6.34537	22.1594
60.	0.955246	0.00202578	86892.1	0.546928	-0.0754747	0.885803	6.22967	21.9582
61.	0.954992	0.00199323	87475.9	0.547489	-0.073424	0.887385	6.11748	21.7619
62.	0.954741	0.00196164	88050.3	0.54804	-0.0714107	0.888939	6.00866	21.5702
63.	0.954493	0.00193097	88615.7	0.548582	-0.0694338	0.890468	5.90307	21.3831
64.	0.954249	0.0019012	89172.3	0.549115	-0.0674924	0.89197	5.80059	21.2003
65.	0.954009	0.00187228	89720.4	0.549639	-0.0655857	0.893447	5.7011	21.0217
66.	0.953771	0.00184419	90260.3	0.550154	-0.0637128	0.894899	5.6045	20.8471
67.	0.953537	0.00181689	90792.	0.55066	-0.061873	0.896327	5.51066	20.6765
68.	0.953306	0.00179036	91316.	0.551158	-0.0600654	0.897731	5.41949	20.5097
69.	0.953078	0.00176457	91832.4	0.551648	-0.0582893	0.899112	5.33089	20.3465
70.	0.952853	0.00173949	92341.3	0.552129	-0.056544	0.90047	5.24477	20.1869
71.	0.95263	0.00171509	92843.1	0.552603	-0.0548286	0.901805	5.16102	20.0307
72.	0.952411	0.00169136	93337.9	0.553069	-0.0531426	0.903118	5.07958	19.8777
73.	0.952194	0.00166827	93825.9	0.553528	-0.0514853	0.904411	5.00035	19.728
74.	0.95198	0.00164579	94307.3	0.553979	-0.049856	0.905681	4.92326	19.5814
75.	0.951768	0.00162391	94782.2	0.554423	-0.0482541	0.906932	4.84823	19.4378
76.	0.951559	0.0016026	95250.9	0.554859	-0.0466789	0.908162	4.77519	19.2971
77.	0.951352	0.00158185	95713.4	0.555289	-0.0451298	0.909372	4.70407	19.1592
78.	0.951148	0.00156164	96170.	0.555712	-0.0436063	0.910563	4.6348	19.024
79.	0.950946	0.00154194	96620.8	0.556129	-0.0421079	0.911735	4.56733	18.8915
80.	0.950746	0.00152275	97066.	0.556539	-0.0406339	0.912888	4.50158	18.7615
81.	0.950549	0.00150404	97505.7	0.556943	-0.0391837	0.914023	4.43751	18.6341
82.	0.950353	0.00148579	97939.9	0.55734	-0.037757	0.91514	4.37505	18.509
83.	0.95016	0.00146801	98369.	0.557731	-0.0363532	0.916239	4.31416	18.3862
84.	0.949969	0.00145066	98792.9	0.558117	-0.0349718	0.917321	4.25477	18.2658
85.	0.94978	0.00143373	99211.9	0.558496	-0.0336123	0.918386	4.19684	18.1475
86.	0.949593	0.00141722	99626.	0.55887	-0.0322742	0.919435	4.14033	18.0314
87.	0.949408	0.00140111	100035.	0.559238	-0.0309571	0.920467	4.08519	17.9173
88.	0.949224	0.00138538	100440.	0.559601	-0.0296606	0.921483	4.03137	17.8053
89.	0.949043	0.00137002	100840.	0.559958	-0.0283842	0.922484	3.97883	17.6952
90.	0.948863	0.00135503	101236.	0.56031	-0.0271275	0.923469	3.92754	17.587
91.	0.948685	0.00134039	101628.	0.560657	-0.0258901	0.924439	3.87745	17.4807
92.	0.948509	0.00132609	102015.	0.560999	-0.0246716	0.925394	3.82852	17.3762
93.	0.948335	0.00131212	102398.	0.561335	-0.0234716	0.926335	3.78072	17.2734
94.	0.948162	0.00129847	102777.	0.561667	-0.0222898	0.927261	3.73402	17.1723
95.	0.947991	0.00128513	103153.	0.561994	-0.0211257	0.928174	3.68838	17.0729
96.	0.947821	0.00127209	103524.	0.562316	-0.019979	0.929072	3.64377	16.9751
97.	0.947653	0.00125935	103892.	0.562634	-0.0188494	0.929958	3.60015	16.8788
98.	0.947486	0.00124689	104256.	0.562947	-0.0177365	0.93083	3.55751	16.7841
99.	0.947321	0.00123471	104616.	0.563256	-0.01664	0.931688	3.5158	16.6909
100.	0.947158	0.00122279	104973.	0.56356	-0.0155595	0.932534	3.47501	16.5991
101.	0.946996	0.00121113	105327.	0.56386	-0.0144948	0.933368	3.4351	16.5087
102.	0.946835	0.00119973	105677.	0.564156	-0.0134456	0.934189	3.39605	16.4198
103.	0.946675	0.00118857	106024.	0.564448	-0.0124115	0.934998	3.35784	16.3321
104.	0.946517	0.00117765	106368.	0.564736	-0.0113922	0.935795	3.32043	16.2458
105.	0.94636	0.00116697	106708.	0.56502	-0.0103875	0.936581	3.28382	16.1607
106.	0.946205	0.00115651	107046.	0.565299	-0.00939714	0.937355	3.24797	16.0768
107.	0.946051	0.00114626	107380.	0.565576	-0.00842076	0.938118	3.21286	15.9942
108.	0.945898	0.00113624	107712.	0.565848	-0.00745812	0.938869	3.17848	15.9128
109.	0.945746	0.00112642	108040.	0.566116	-0.00650898	0.93961	3.1448	15.8325
110.	0.945595	0.0011168	108366.	0.566381	-0.00557307	0.94034	3.11181	15.7533
111.	0.945446	0.00110738	108689.	0.566643	-0.00465015	0.94106	3.07948	15.6753
112.	0.945298	0.00109815	109010.	0.566901	-0.00373998	0.941769	3.04779	15.5983
113.	0.94515	0.00108911	109327.	0.567155	-0.00284233	0.942468	3.01674	15.5223
114.	0.945004	0.00108025	109643.	0.567406	-0.00195696	0.943157	2.9863	15.4474
115.	0.944859	0.00107156	109955.	0.567654	-0.00108365	0.943836	2.95645	15.3734
116.	0.944715	0.00106305	110265.	0.567899	-0.000222173	0.944505	2.92719	15.3005
117.	0.944572	0.0010547	110573.	0.56814	0.000627677	0.945165	2.89848	15.2285
118.	0.94443	0.00104652	110878.	0.568378	0.00146611	0.945816	2.87033	15.1574
119.	0.94429	0.0010385	111181.	0.568613	0.00229334	0.946458	2.84272	15.0872
120.	0.94415	0.00103063	111481.	0.568846	0.00310956	0.94709	2.81563	15.0179
121.	0.944011	0.00102292	111780.	0.569075	0.00391497	0.947714	2.78904	14.9495
122.	0.943873	0.00101535	112076.	0.569301	0.00470975	0.948329	2.76295	14.882
123.	0.943736	0.00100793	112370.	0.569524	0.00549411	0.948935	2.73735	14.8152
124.	0.943599	0.00100065	112661.	0.569745	0.00626821	0.949533	2.71221	14.7493
125.	0.943464	0.000993499	112951.	0.569962	0.00703225	0.950122	2.68754	14.6842
126.	0.94333	0.000986486	113239.	0.570177	0.00778639	0.950703	2.66331	14.6198
127.	0.943196	0.000979603	113524.	0.57039	0.00853081	0.951277	2.63951	14.5562
128.	0.943063	0.000972848	113808.	0.570599	0.00926568	0.951842	2.61615	14.4934
129.	0.942932	0.000966217	114090.	0.570806	0.00999115	0.9524	2.59319	14.4313
130.	0.9428	0.000959706	114369.	0.571011	0.0107074	0.95295	2.57064	14.3699
131.	0.94267	0.000953314	114647.	0.571213	0.0114146	0.953492	2.54849	14.3092
132.	0.942541	0.000947038	114923.	0.571412	0.0121128	0.954027	2.52672	14.2491
133.	0.942412	0.000940874	115197.	0.571609	0.0128023	0.954555	2.50533	14.1898
134.	0.942284	0.00093482	115470.	0.571804	0.0134832	0.955075	2.4843	14.1311
135.	0.942157	0.000928874	115741.	0.571996	0.0141556	0.955589	2.46364	14.0731
136.	0.942031	0.000923033	116010.	0.572186	0.0148197	0.956095	2.44332	14.0156
137.	0.941905	0.000917294	116277.	0.572374	0.0154755	0.956595	2.42335	13.9588
138.	0.94178	0.000911656	116543.	0.572559	0.0161234	0.957088	2.4037	13.9026
139.	0.941656	0.000906116	116807.	0.572742	0.0167633	0.957574	2.38439	13.847
140.	0.941532	0.000900672	117069.	0.572923	0.0173954	0.958053	2.36539	13.792
141.	0.941409	0.000895321	117330.	0.573102	0.0180198	0.958527	2.34671	13.7375
142.	0.941287	0.000890062	117589.	0.573279	0.0186367	0.958994	2.32832	13.6836
143.	0.941165	0.000884892	117847.	0.573454	0.0192462	0.959454	2.31024	13.6303
144.	0.941044	0.00087981	118103.	0.573626	0.0198483	0.959909	2.29245	13.5775
145.	0.940924	0.000874814	118358.	0.573797	0.0204433	0.960357	2.27493	13.5252
146.	0.940804	0.000869901	118612.	0.573966	0.0210313	0.9608	2.2577	13.4734
147.	0.940685	0.00086507	118864.	0.574133	0.0216123	0.961237	2.24074	13.4222
148.	0.940567	0.00086032	119114.	0.574297	0.0221864	0.961668	2.22404	13.3714
149.	0.940449	0.000855648	119364.	0.57446	0.0227538	0.962093	2.2076	13.3211
150.	0.940331	0.000851052	119612.	0.574621	0.0233146	0.962512	2.19142	13.2713
151.	0.940215	0.000846532	119858.	0.574781	0.0238689	0.962926	2.17549	13.222
152.	0.940098	0.000842085	120103.	0.574938	0.0244168	0.963335	2.15979	13.1732
153.	0.939983	0.00083771	120347.	0.575094	0.0249583	0.963738	2.14434	13.1247
154.	0.939868	0.000833405	120590.	0.575248	0.0254937	0.964136	2.12911	13.0768
155.	0.939753	0.000829169	120832.	0.5754	0.0260229	0.964529	2.11412	13.0293
156.	0.939639	0.000825001	121072.	0.575551	0.026546	0.964917	2.09935	12.9822
157.	0.939526	0.000820899	121311.	0.5757	0.0270633	0.9653	2.08479	12.9355
158.	0.939413	0.000816862	121549.	0.575847	0.0275747	0.965677	2.07045	12.8892
159.	0.9393	0.000812888	121786.	0.575992	0.0280804	0.96605	2.05632	12.8434
160.	0.939188	0.000808977	122021.	0.576136	0.0285804	0.966418	2.04239	12.7979
161.	0.939077	0.000805126	122256.	0.576279	0.0290748	0.966781	2.02866	12.7529
162.	0.938966	0.000801335	122489.	0.57642	0.0295638	0.96714	2.01513	12.7082
163.	0.938856	0.000797602	122721.	0.576559	0.0300473	0.967494	2.00179	12.6639
164.	0.938746	0.000793927	122952.	0.576697	0.0305255	0.967843	1.98864	12.62
165.	0.938636	0.000790307	123183.	0.576833	0.0309985	0.968188	1.97567	12.5765
166.	0.938527	0.000786743	123412.	0.576968	0.0314663	0.968528	1.96289	12.5333
167.	0.938418	0.000783233	123640.	0.577102	0.031929	0.968865	1.95028	12.4904
168.	0.93831	0.000779775	123867.	0.577234	0.0323867	0.969196	1.93784	12.448
169.	0.938202	0.00077637	124093.	0.577365	0.0328395	0.969524	1.92558	12.4058
170.	0.938095	0.000773015	124318.	0.577494	0.0332874	0.969847	1.91348	12.364
171.	0.937988	0.00076971	124542.	0.577622	0.0337305	0.970167	1.90154	12.3226
172.	0.937882	0.000766454	124765.	0.577749	0.0341689	0.970482	1.88977	12.2814
173.	0.937776	0.000763245	124987.	0.577874	0.0346027	0.970793	1.87815	12.2406
174.	0.93767	0.000760084	125209.	0.577998	0.0350318	0.9711	1.86668	12.2001
175.	0.937565	0.000756969	125429.	0.578121	0.0354565	0.971404	1.85537	12.1599
176.	0.93746	0.000753899	125648.	0.578242	0.0358767	0.971703	1.8442	12.12
177.	0.937355	0.000750874	125867.	0.578362	0.0362925	0.971999	1.83318	12.0804
178.	0.937251	0.000747892	126085.	0.578481	0.036704	0.972291	1.82231	12.0412
179.	0.937148	0.000744953	126301.	0.578599	0.0371112	0.97258	1.81157	12.0022
180.	0.937044	0.000742055	126517.	0.578716	0.0375143	0.972865	1.80097	11.9635
181.	0.936941	0.000739199	126733.	0.578831	0.0379132	0.973146	1.7905	11.925
182.	0.936839	0.000736384	126947.	0.578945	0.038308	0.973424	1.78016	11.8869
183.	0.936737	0.000733607	127161.	0.579059	0.0386988	0.973698	1.76996	11.849
184.	0.936635	0.00073087	127373.	0.579171	0.0390857	0.973969	1.75988	11.8114
185.	0.936533	0.000728171	127585.	0.579281	0.0394686	0.974236	1.74992	11.7741
186.	0.936432	0.00072551	127796.	0.579391	0.0398477	0.9745	1.74009	11.7371
187.	0.936331	0.000722885	128007.	0.5795	0.040223	0.974761	1.73038	11.7003
188.	0.936231	0.000720297	128216.	0.579608	0.0405946	0.975019	1.72079	11.6637
189.	0.936131	0.000717744	128425.	0.579714	0.0409625	0.975273	1.71131	11.6274
190.	0.936031	0.000715226	128633.	0.57982	0.0413268	0.975524	1.70194	11.5914
191.	0.935931	0.000712742	128841.	0.579925	0.0416874	0.975772	1.69269	11.5556
192.	0.935832	0.000710292	129048.	0.580028	0.0420445	0.976018	1.68355	11.52
193.	0.935733	0.000707875	129254.	0.580131	0.0423982	0.97626	1.67451	11.4847
194.	0.935635	0.00070549	129459.	0.580232	0.0427484	0.976499	1.66558	11.4496
195.	0.935536	0.000703138	129663.	0.580333	0.0430952	0.976735	1.65676	11.4147
196.	0.935438	0.000700816	129867.	0.580433	0.0434387	0.976968	1.64803	11.3801
197.	0.935341	0.000698526	130071.	0.580531	0.0437789	0.977198	1.63941	11.3457
198.	0.935243	0.000696265	130273.	0.580629	0.0441158	0.977426	1.63088	11.3115
199.	0.935146	0.000694035	130475.	0.580726	0.0444495	0.977651	1.62246	11.2775
200.	0.935049	0.000691833	130676.	0.580822	0.0447801	0.977873	1.61412	11.2438
201.	0.934953	0.000689661	130877.	0.580917	0.0451075	0.978092	1.60588	11.2102
202.	0.934857	0.000687516	131077.	0.581011	0.0454319	0.978309	1.59774	11.1769
203.	0.934761	0.0006854	131277.	0.581105	0.0457532	0.978523	1.58968	11.1438
204.	0.934665	0.00068331	131475.	0.581197	0.0460716	0.978734	1.58171	11.1108
205.	0.93457	0.000681248	131674.	0.581289	0.046387	0.978943	1.57383	11.0781
206.	0.934475	0.000679211	131871.	0.58138	0.0466995	0.979149	1.56603	11.0456
207.	0.93438	0.000677201	132068.	0.58147	0.0470091	0.979353	1.55832	11.0133
208.	0.934285	0.000675216	132265.	0.581559	0.0473159	0.979554	1.55069	10.9811
209.	0.934191	0.000673257	132461.	0.581647	0.0476199	0.979753	1.54314	10.9492
210.	0.934097	0.000671322	132656.	0.581735	0.0479211	0.979949	1.53567	10.9174
211.	0.934003	0.000669411	132851.	0.581822	0.0482196	0.980143	1.52828	10.8859
212.	0.933909	0.000667524	133045.	0.581908	0.0485154	0.980335	1.52097	10.8545
213.	0.933816	0.00066566	133239.	0.581993	0.0488085	0.980525	1.51374	10.8233
214.	0.933723	0.00066382	133432.	0.582078	0.0490991	0.980712	1.50658	10.7922
215.	0.93363	0.000662002	133624.	0.582161	0.0493871	0.980897	1.49949	10.7614
216.	0.933537	0.000660206	133816.	0.582245	0.0496726	0.981079	1.49248	10.7307
217.	0.933445	0.000658432	134008.	0.582327	0.0499555	0.98126	1.48553	10.7002
218.	0.933353	0.00065668	134199.	0.582409	0.050236	0.981438	1.47866	10.6699
219.	0.933261	0.00065495	134389.	0.58249	0.050514	0.981614	1.47186	10.6397
220.	0.933169	0.00065324	134579.	0.58257	0.0507896	0.981788	1.46512	10.6097
221.	0.933077	0.000651551	134769.	0.582649	0.0510628	0.98196	1.45845	10.5799
222.	0.932986	0.000649882	134958.	0.582728	0.0513337	0.98213	1.45185	10.5502
223.	0.932895	0.000648232	135147.	0.582807	0.0516022	0.982298	1.44531	10.5207
224.	0.932804	0.000646603	135335.	0.582884	0.0518684	0.982464	1.43884	10.4913
225.	0.932713	0.000644993	135522.	0.582961	0.0521324	0.982628	1.43243	10.4621
226.	0.932623	0.000643401	135709.	0.583037	0.0523942	0.98279	1.42608	10.4331
227.	0.932533	0.000641829	135896.	0.583113	0.0526538	0.98295	1.41979	10.4042
228.	0.932443	0.000640275	136082.	0.583188	0.0529112	0.983108	1.41356	10.3755
229.	0.932353	0.000638739	136268.	0.583263	0.0531665	0.983264	1.40739	10.3469
230.	0.932263	0.00063722	136453.	0.583336	0.0534196	0.983419	1.40128	10.3184
231.	0.932174	0.00063572	136638.	0.58341	0.0536707	0.983571	1.39522	10.2901
232.	0.932085	0.000634236	136823.	0.583482	0.0539197	0.983722	1.38922	10.262
233.	0.931996	0.00063277	137007.	0.583554	0.0541666	0.983871	1.38328	10.234
234.	0.931907	0.00063132	137190.	0.583626	0.0544116	0.984018	1.37739	10.2061
235.	0.931818	0.000629887	137374.	0.583697	0.0546546	0.984164	1.37156	10.1784
236.	0.93173	0.00062847	137556.	0.583767	0.0548956	0.984307	1.36577	10.1508
237.	0.931641	0.000627069	137739.	0.583837	0.0551346	0.98445	1.36004	10.1233
238.	0.931553	0.000625684	137921.	0.583906	0.0553718	0.98459	1.35437	10.096
239.	0.931465	0.000624314	138102.	0.583975	0.0556071	0.984729	1.34874	10.0688
240.	0.931378	0.00062296	138284.	0.584043	0.0558405	0.984866	1.34316	10.0417
241.	0.93129	0.00062162	138464.	0.584111	0.056072	0.985001	1.33763	10.0148
242.	0.931203	0.000620296	138645.	0.584178	0.0563018	0.985135	1.33215	9.98799
243.	0.931116	0.000618986	138825.	0.584244	0.0565298	0.985267	1.32672	9.96131
244.	0.931028	0.00061769	139004.	0.58431	0.056756	0.985398	1.32133	9.93477
245.	0.930942	0.000616409	139184.	0.584376	0.0569805	0.985528	1.31599	9.90834
246.	0.930855	0.000615141	139363.	0.584441	0.0572032	0.985655	1.3107	9.88204
247.	0.930768	0.000613888	139541.	0.584506	0.0574243	0.985782	1.30545	9.85586
248.	0.930682	0.000612647	139719.	0.58457	0.0576436	0.985906	1.30024	9.82981
249.	0.930596	0.00061142	139897.	0.584633	0.0578613	0.98603	1.29508	9.80387
250.	0.93051	0.000610207	140074.	0.584697	0.0580774	0.986151	1.28996	9.77805
251.	0.930424	0.000609006	140252.	0.584759	0.0582918	0.986272	1.28489	9.75234
252.	0.930338	0.000607818	140428.	0.584821	0.0585047	0.986391	1.27986	9.72676
253.	0.930253	0.000606643	140605.	0.584883	0.0587159	0.986509	1.27486	9.70129
254.	0.930167	0.00060548	140781.	0.584945	0.0589257	0.986625	1.26991	9.67593
255.	0.930082	0.000604329	140957.	0.585005	0.0591338	0.98674	1.265	9.65068
256.	0.929997	0.00060319	141132.	0.585066	0.0593405	0.986853	1.26013	9.62555
257.	0.929912	0.000602063	141307.	0.585126	0.0595456	0.986966	1.25529	9.60052
258.	0.929827	0.000600948	141482.	0.585185	0.0597493	0.987077	1.2505	9.57561
259.	0.929742	0.000599844	141656.	0.585245	0.0599515	0.987186	1.24574	9.5508
260.	0.929658	0.000598752	141830.	0.585303	0.0601522	0.987295	1.24102	9.5261
261.	0.929573	0.00059767	142004.	0.585362	0.0603515	0.987402	1.23634	9.50151
262.	0.929489	0.0005966	142178.	0.58542	0.0605494	0.987508	1.2317	9.47702
263.	0.929405	0.000595541	142351.	0.585477	0.060746	0.987613	1.22709	9.45263
264.	0.929321	0.000594493	142524.	0.585534	0.0609411	0.987716	1.22251	9.42835
265.	0.929237	0.000593455	142696.	0.585591	0.0611349	0.987819	1.21797	9.40417
266.	0.929154	0.000592427	142868.	0.585647	0.0613273	0.98792	1.21347	9.38009
267.	0.92907	0.00059141	143040.	0.585703	0.0615184	0.98802	1.209	9.35611
268.	0.928987	0.000590403	143212.	0.585759	0.0617082	0.988118	1.20456	9.33223
269.	0.928903	0.000589405	143383.	0.585814	0.0618967	0.988216	1.20016	9.30845
270.	0.92882	0.000588418	143554.	0.585869	0.0620839	0.988313	1.19578	9.28476
271.	0.928737	0.000587441	143725.	0.585923	0.0622699	0.988408	1.19145	9.26117
272.	0.928654	0.000586473	143896.	0.585978	0.0624546	0.988503	1.18714	9.23768
273.	0.928572	0.000585514	144066.	0.586031	0.062638	0.988596	1.18286	9.21428
274.	0.928489	0.000584565	144236.	0.586085	0.0628203	0.988688	1.17862	9.19098
275.	0.928407	0.000583625	144406.	0.586138	0.0630013	0.988779	1.1744	9.16777
276.	0.928324	0.000582694	144575.	0.58619	0.0631812	0.988869	1.17022	9.14465
277.	0.928242	0.000581771	144744.	0.586243	0.0633599	0.988958	1.16606	9.12162
278.	0.92816	0.000580858	144913.	0.586295	0.0635374	0.989046	1.16194	9.09869
279.	0.928078	0.000579954	145082.	0.586347	0.0637138	0.989133	1.15784	9.07584
280.	0.927996	0.000579058	145250.	0.586398	0.063889	0.98922	1.15378	9.05308
281.	0.927914	0.00057817	145418.	0.586449	0.0640631	0.989305	1.14974	9.03041
282.	0.927832	0.000577291	145586.	0.5865	0.0642361	0.989389	1.14573	9.00783
283.	0.927751	0.00057642	145754.	0.58655	0.064408	0.989472	1.14174	8.98534
284.	0.927669	0.000575557	145921.	0.5866	0.0645789	0.989554	1.13779	8.96293
285.	0.927588	0.000574702	146088.	0.58665	0.0647487	0.989635	1.13386	8.9406
286.	0.927507	0.000573855	146255.	0.5867	0.0649174	0.989716	1.12996	8.91836
287.	0.927426	0.000573016	146421.	0.586749	0.065085	0.989795	1.12608	8.89621
288.	0.927345	0.000572184	146588.	0.586798	0.0652517	0.989874	1.12223	8.87413
289.	0.927264	0.00057136	146754.	0.586846	0.0654173	0.989951	1.11841	8.85214
290.	0.927183	0.000570544	146920.	0.586895	0.0655819	0.990028	1.11461	8.83024
291.	0.927103	0.000569734	147085.	0.586943	0.0657455	0.990104	1.11083	8.80841
292.	0.927022	0.000568933	147251.	0.58699	0.0659082	0.990179	1.10708	8.78666
293.	0.926942	0.000568138	147416.	0.587038	0.0660698	0.990253	1.10336	8.765
294.	0.926861	0.00056735	147581.	0.587085	0.0662306	0.990326	1.09966	8.74341
295.	0.926781	0.00056657	147746.	0.587132	0.0663903	0.990399	1.09598	8.7219
296.	0.926701	0.000565796	147910.	0.587178	0.0665491	0.990471	1.09233	8.70047
297.	0.926621	0.000565029	148074.	0.587225	0.066707	0.990541	1.0887	8.67912
298.	0.926541	0.000564269	148238.	0.587271	0.066864	0.990612	1.08509	8.65784
299.	0.926461	0.000563516	148402.	0.587317	0.0670201	0.990681	1.08151	8.63664
300.	0.926382	0.000562769	148566.	0.587362	0.0671753	0.990749	1.07794	8.61551
301.	0.926302	0.000562028	148729.	0.587408	0.0673296	0.990817	1.0744	8.59446
302.	0.926223	0.000561294	148892.	0.587453	0.067483	0.990884	1.07089	8.57349
303.	0.926143	0.000560566	149055.	0.587498	0.0676356	0.99095	1.06739	8.55259
304.	0.926064	0.000559845	149218.	0.587542	0.0677873	0.991016	1.06392	8.53176
305.	0.925985	0.000559129	149381.	0.587586	0.0679382	0.991081	1.06046	8.511
306.	0.925906	0.00055842	149543.	0.58763	0.0680882	0.991145	1.05703	8.49032
307.	0.925826	0.000557716	149705.	0.587674	0.0682374	0.991208	1.05362	8.46971
308.	0.925748	0.000557019	149867.	0.587718	0.0683858	0.99127	1.05023	8.44917
309.	0.925669	0.000556327	150029.	0.587761	0.0685334	0.991332	1.04685	8.4287
310.	0.92559	0.000555641	150190.	0.587804	0.0686802	0.991394	1.0435	8.4083
311.	0.925511	0.000554961	150352.	0.587847	0.0688262	0.991454	1.04017	8.38797
312.	0.925433	0.000554286	150513.	0.58789	0.0689714	0.991514	1.03686	8.3677
313.	0.925354	0.000553617	150674.	0.587933	0.0691159	0.991573	1.03357	8.34751
314.	0.925276	0.000552953	150834.	0.587975	0.0692596	0.991632	1.03029	8.32739
315.	0.925198	0.000552295	150995.	0.588017	0.0694026	0.991689	1.02704	8.30733
316.	0.925119	0.000551642	151155.	0.588059	0.0695448	0.991747	1.0238	8.28734
317.	0.925041	0.000550994	151315.	0.5881	0.0696862	0.991803	1.02058	8.26742
318.	0.924963	0.000550351	151475.	0.588142	0.069827	0.991859	1.01739	8.24756
319.	0.924885	0.000549714	151635.	0.588183	0.069967	0.991914	1.0142	8.22777
320.	0.924808	0.000549081	151795.	0.588224	0.0701064	0.991969	1.01104	8.20804
321.	0.92473	0.000548454	151954.	0.588265	0.070245	0.992023	1.0079	8.18838
322.	0.924652	0.000547831	152113.	0.588305	0.0703829	0.992077	1.00477	8.16878
323.	0.924574	0.000547214	152273.	0.588345	0.0705202	0.99213	1.00166	8.14925
324.	0.924497	0.000546601	152431.	0.588386	0.0706567	0.992182	0.998564	8.12978
325.	0.92442	0.000545993	152590.	0.588426	0.0707926	0.992234	0.995487	8.11037
326.	0.924342	0.000545389	152749.	0.588465	0.0709279	0.992285	0.992427	8.09103
327.	0.924265	0.00054479	152907.	0.588505	0.0710625	0.992335	0.989384	8.07175
328.	0.924188	0.000544196	153065.	0.588544	0.0711964	0.992385	0.986357	8.05253
329.	0.924111	0.000543606	153223.	0.588584	0.0713297	0.992435	0.983347	8.03337
330.	0.924034	0.000543021	153381.	0.588623	0.0714624	0.992484	0.980352	8.01428
331.	0.923957	0.00054244	153539.	0.588662	0.0715944	0.992532	0.977374	7.99524
332.	0.92388	0.000541864	153696.	0.5887	0.0717258	0.99258	0.974411	7.97626
333.	0.923803	0.000541291	153854.	0.588739	0.0718566	0.992627	0.971464	7.95735
334.	0.923726	0.000540723	154011.	0.588777	0.0719868	0.992674	0.968532	7.93849
335.	0.92365	0.00054016	154168.	0.588815	0.0721164	0.992721	0.965615	7.91969
336.	0.923573	0.0005396	154325.	0.588853	0.0722455	0.992766	0.962714	7.90096
337.	0.923497	0.000539044	154481.	0.588891	0.0723739	0.992812	0.959827	7.88228
338.	0.92342	0.000538493	154638.	0.588929	0.0725017	0.992856	0.956956	7.86365
339.	0.923344	0.000537945	154794.	0.588966	0.072629	0.992901	0.954099	7.84509
340.	0.923268	0.000537402	154950.	0.589003	0.0727557	0.992944	0.951256	7.82658
341.	0.923191	0.000536862	155106.	0.589041	0.0728819	0.992988	0.948428	7.80813
342.	0.923115	0.000536326	155262.	0.589078	0.0730075	0.993031	0.945614	7.78974
343.	0.923039	0.000535794	155418.	0.589114	0.0731326	0.993073	0.942815	7.7714
344.	0.922963	0.000535266	155574.	0.589151	0.0732571	0.993115	0.940029	7.75312
345.	0.922887	0.000534741	155729.	0.589188	0.0733811	0.993156	0.937257	7.73489
346.	0.922811	0.00053422	155884.	0.589224	0.0735045	0.993197	0.934498	7.71672
347.	0.922736	0.000533703	156039.	0.58926	0.0736275	0.993238	0.931754	7.69861
348.	0.92266	0.000533189	156194.	0.589296	0.0737499	0.993278	0.929022	7.68055
349.	0.922584	0.000532679	156349.	0.589332	0.0738718	0.993318	0.926304	7.66254
350.	0.922509	0.000532172	156504.	0.589368	0.0739932	0.993357	0.923599	7.64459
351.	0.922433	0.000531669	156658.	0.589404	0.0741141	0.993396	0.920907	7.62669
352.	0.922358	0.000531169	156813.	0.589439	0.0742345	0.993434	0.918228	7.60884
353.	0.922283	0.000530672	156967.	0.589474	0.0743544	0.993472	0.915562	7.59105
354.	0.922207	0.000530179	157121.	0.58951	0.0744738	0.99351	0.912909	7.57331
355.	0.922132	0.000529689	157275.	0.589545	0.0745928	0.993547	0.910268	7.55562
356.	0.922057	0.000529202	157429.	0.58958	0.0747113	0.993584	0.907639	7.53799
357.	0.921982	0.000528719	157583.	0.589614	0.0748293	0.99362	0.905023	7.52041
358.	0.921907	0.000528238	157736.	0.589649	0.0749468	0.993656	0.902419	7.50287
359.	0.921832	0.000527761	157889.	0.589684	0.0750639	0.993691	0.899827	7.48539
360.	0.921757	0.000527287	158043.	0.589718	0.0751806	0.993727	0.897247	7.46796
361.	0.921682	0.000526816	158196.	0.589752	0.0752968	0.993761	0.894679	7.45059
362.	0.921607	0.000526348	158349.	0.589786	0.0754125	0.993796	0.892122	7.43326
363.	0.921533	0.000525883	158502.	0.58982	0.0755278	0.99383	0.889578	7.41598
364.	0.921458	0.000525421	158654.	0.589854	0.0756427	0.993864	0.887045	7.39875
365.	0.921383	0.000524962	158807.	0.589888	0.0757572	0.993897	0.884523	7.38157
366.	0.921309	0.000524506	158959.	0.589922	0.0758712	0.99393	0.882013	7.36444
367.	0.921235	0.000524052	159112.	0.589955	0.0759848	0.993962	0.879513	7.34736
368.	0.92116	0.000523602	159264.	0.589989	0.076098	0.993995	0.877026	7.33033
369.	0.921086	0.000523154	159416.	0.590022	0.0762108	0.994027	0.874549	7.31335
370.	0.921012	0.000522709	159568.	0.590055	0.0763232	0.994058	0.872083	7.29642
371.	0.920937	0.000522266	159720.	0.590088	0.0764351	0.994089	0.869628	7.27953
372.	0.920863	0.000521827	159871.	0.590121	0.0765467	0.99412	0.867183	7.26269
373.	0.920789	0.00052139	160023.	0.590154	0.0766579	0.994151	0.864749	7.2459
374.	0.920715	0.000520955	160174.	0.590186	0.0767687	0.994181	0.862326	7.22916
375.	0.920641	0.000520524	160326.	0.590219	0.0768791	0.994211	0.859914	7.21246
376.	0.920567	0.000520095	160477.	0.590252	0.0769891	0.994241	0.857511	7.19582
377.	0.920493	0.000519668	160628.	0.590284	0.0770988	0.99427	0.85512	7.17921
378.	0.92042	0.000519244	160779.	0.590316	0.0772081	0.994299	0.852738	7.16266
379.	0.920346	0.000518822	160929.	0.590348	0.077317	0.994327	0.850366	7.14615
380.	0.920272	0.000518403	161080.	0.59038	0.0774255	0.994356	0.848005	7.12968
381.	0.920199	0.000517986	161231.	0.590412	0.0775337	0.994384	0.845653	7.11327
382.	0.920125	0.000517572	161381.	0.590444	0.0776416	0.994412	0.843311	7.09689
383.	0.920052	0.00051716	161531.	0.590476	0.077749	0.994439	0.84098	7.08057
384.	0.919978	0.00051675	161682.	0.590507	0.0778562	0.994466	0.838657	7.06428
385.	0.919905	0.000516343	161832.	0.590539	0.0779629	0.994493	0.836345	7.04805
386.	0.919831	0.000515938	161982.	0.59057	0.0780694	0.99452	0.834042	7.03185
387.	0.919758	0.000515535	162131.	0.590602	0.0781755	0.994546	0.831748	7.0157
388.	0.919685	0.000515134	162281.	0.590633	0.0782813	0.994572	0.829464	6.9996
389.	0.919612	0.000514736	162431.	0.590664	0.0783867	0.994598	0.82719	6.98354
390.	0.919539	0.00051434	162580.	0.590695	0.0784918	0.994623	0.824924	6.96752
391.	0.919466	0.000513946	162730.	0.590726	0.0785966	0.994648	0.822668	6.95155
392.	0.919393	0.000513554	162879.	0.590757	0.0787011	0.994673	0.820421	6.93562
393.	0.91932	0.000513164	163028.	0.590788	0.0788052	0.994698	0.818182	6.91974
394.	0.919247	0.000512776	163177.	0.590818	0.078909	0.994722	0.815953	6.90389
395.	0.919174	0.000512391	163326.	0.590849	0.0790126	0.994747	0.813733	6.88809
396.	0.919101	0.000512007	163475.	0.59088	0.0791158	0.99477	0.811521	6.87233
397.	0.919028	0.000511626	163623.	0.59091	0.0792187	0.994794	0.809319	6.85662
398.	0.918956	0.000511246	163772.	0.59094	0.0793213	0.994817	0.807125	6.84095
399.	0.918883	0.000510869	163920.	0.59097	0.0794236	0.994841	0.804939	6.82531
400.	0.918811	0.000510493	164069.	0.591001	0.0795256	0.994864	0.802762	6.80972
401.	0.918738	0.00051012	164217.	0.591031	0.0796274	0.994886	0.800594	6.79418
402.	0.918666	0.000509748	164365.	0.591061	0.0797288	0.994909	0.798434	6.77867
403.	0.918593	0.000509378	164513.	0.591091	0.0798299	0.994931	0.796283	6.76321
404.	0.918521	0.00050901	164661.	0.59112	0.0799308	0.994953	0.794139	6.74778
405.	0.918448	0.000508644	164809.	0.59115	0.0800314	0.994975	0.792004	6.7324
406.	0.918376	0.00050828	164957.	0.59118	0.0801317	0.994996	0.789877	6.71706
407.	0.918304	0.000507917	165104.	0.591209	0.0802317	0.995017	0.787759	6.70175
408.	0.918232	0.000507557	165252.	0.591239	0.0803315	0.995038	0.785648	6.68649
409.	0.91816	0.000507198	165399.	0.591268	0.080431	0.995059	0.783545	6.67127
410.	0.918088	0.000506841	165546.	0.591298	0.0805302	0.99508	0.781451	6.65609
411.	0.918016	0.000506485	165694.	0.591327	0.0806292	0.9951	0.779364	6.64095
412.	0.917944	0.000506132	165841.	0.591356	0.0807279	0.99512	0.777285	6.62585
413.	0.917872	0.00050578	165988.	0.591385	0.0808263	0.99514	0.775214	6.61079
414.	0.9178	0.000505429	166135.	0.591414	0.0809245	0.99516	0.77315	6.59576
415.	0.917728	0.000505081	166281.	0.591443	0.0810225	0.99518	0.771094	6.58078
416.	0.917656	0.000504734	166428.	0.591472	0.0811202	0.995199	0.769046	6.56583
417.	0.917584	0.000504388	166575.	0.591501	0.0812176	0.995218	0.767005	6.55093
418.	0.917513	0.000504045	166721.	0.59153	0.0813148	0.995237	0.764972	6.53606
419.	0.917441	0.000503702	166868.	0.591558	0.0814118	0.995256	0.762946	6.52123
420.	0.917369	0.000503362	167014.	0.591587	0.0815085	0.995275	0.760928	6.50644
421.	0.917298	0.000503023	167160.	0.591615	0.0816049	0.995293	0.758917	6.49169
422.	0.917226	0.000502685	167306.	0.591644	0.0817012	0.995311	0.756913	6.47698
423.	0.917155	0.000502349	167452.	0.591672	0.0817972	0.995329	0.754917	6.4623
424.	0.917084	0.000502015	167598.	0.591701	0.081893	0.995347	0.752928	6.44766
425.	0.917012	0.000501682	167744.	0.591729	0.0819885	0.995365	0.750945	6.43306
426.	0.916941	0.000501351	167889.	0.591757	0.0820839	0.995382	0.74897	6.4185
427.	0.91687	0.000501021	168035.	0.591785	0.082179	0.9954	0.747002	6.40397
428.	0.916798	0.000500692	168181.	0.591813	0.0822738	0.995417	0.745041	6.38949
429.	0.916727	0.000500365	168326.	0.591841	0.0823685	0.995434	0.743087	6.37503
430.	0.916656	0.000500039	168471.	0.591869	0.0824629	0.99545	0.74114	6.36062
431.	0.916585	0.000499715	168617.	0.591897	0.0825572	0.995467	0.7392	6.34624
432.	0.916514	0.000499392	168762.	0.591925	0.0826512	0.995483	0.737267	6.3319
433.	0.916443	0.00049907	168907.	0.591953	0.082745	0.9955	0.73534	6.3176
434.	0.916372	0.00049875	169052.	0.59198	0.0828386	0.995516	0.73342	6.30333
435.	0.916301	0.000498431	169196.	0.592008	0.082932	0.995532	0.731507	6.28909
436.	0.91623	0.000498114	169341.	0.592036	0.0830251	0.995547	0.7296	6.2749
437.	0.916159	0.000497798	169486.	0.592063	0.0831181	0.995563	0.7277	6.26074
438.	0.916089	0.000497483	169630.	0.592091	0.0832109	0.995579	0.725807	6.24661
439.	0.916018	0.000497169	169775.	0.592118	0.0833035	0.995594	0.72392	6.23252
440.	0.915947	0.000496857	169919.	0.592145	0.0833959	0.995609	0.722039	6.21847
441.	0.915877	0.000496546	170064.	0.592173	0.0834881	0.995624	0.720165	6.20445
442.	0.915806	0.000496236	170208.	0.5922	0.0835801	0.995639	0.718298	6.19047
443.	0.915735	0.000495928	170352.	0.592227	0.0836719	0.995654	0.716436	6.17652
444.	0.915665	0.00049562	170496.	0.592254	0.0837635	0.995668	0.714582	6.16261
445.	0.915594	0.000495314	170640.	0.592281	0.0838549	0.995682	0.712733	6.14873
446.	0.915524	0.000495009	170784.	0.592308	0.0839462	0.995697	0.71089	6.13489
447.	0.915454	0.000494706	170928.	0.592335	0.0840372	0.995711	0.709054	6.12108
448.	0.915383	0.000494403	171071.	0.592362	0.0841281	0.995725	0.707224	6.1073
449.	0.915313	0.000494102	171215.	0.592389	0.0842188	0.995739	0.7054	6.09356
450.	0.915243	0.000493801	171358.	0.592416	0.0843093	0.995752	0.703582	6.07986
451.	0.915172	0.000493502	171502.	0.592443	0.0843997	0.995766	0.701771	6.06619
452.	0.915102	0.000493204	171645.	0.592469	0.0844899	0.995779	0.699965	6.05255
453.	0.915032	0.000492908	171788.	0.592496	0.0845799	0.995793	0.698165	6.03895
454.	0.914962	0.000492612	171931.	0.592523	0.0846697	0.995806	0.696371	6.02538
455.	0.914892	0.000492317	172075.	0.592549	0.0847594	0.995819	0.694583	6.01184
456.	0.914822	0.000492024	172217.	0.592576	0.0848488	0.995832	0.692801	5.99834
457.	0.914752	0.000491731	172360.	0.592602	0.0849382	0.995845	0.691025	5.98487
458.	0.914682	0.00049144	172503.	0.592629	0.0850273	0.995857	0.689254	5.97143
459.	0.914612	0.00049115	172646.	0.592655	0.0851163	0.99587	0.68749	5.95803
460.	0.914542	0.00049086	172789.	0.592681	0.0852051	0.995882	0.685731	5.94466
461.	0.914472	0.000490572	172931.	0.592708	0.0852938	0.995894	0.683977	5.93132
462.	0.914403	0.000490285	173074.	0.592734	0.0853823	0.995907	0.68223	5.91801
463.	0.914333	0.000489999	173216.	0.59276	0.0854707	0.995919	0.680488	5.90474
464.	0.914263	0.000489713	173358.	0.592786	0.0855589	0.99593	0.678752	5.8915
465.	0.914194	0.000489429	173501.	0.592812	0.0856469	0.995942	0.677021	5.8783
466.	0.914124	0.000489146	173643.	0.592838	0.0857348	0.995954	0.675296	5.86512
467.	0.914054	0.000488864	173785.	0.592864	0.0858226	0.995966	0.673576	5.85198
468.	0.913985	0.000488582	173927.	0.59289	0.0859101	0.995977	0.671862	5.83887
469.	0.913915	0.000488302	174069.	0.592916	0.0859976	0.995988	0.670153	5.82579
470.	0.913846	0.000488023	174210.	0.592942	0.0860849	0.996	0.66845	5.81274
471.	0.913777	0.000487744	174352.	0.592968	0.086172	0.996011	0.666752	5.79973
472.	0.913707	0.000487467	174494.	0.592994	0.086259	0.996022	0.665059	5.78675
473.	0.913638	0.00048719	174635.	0.593019	0.0863459	0.996033	0.663372	5.77379
474.	0.913569	0.000486915	174777.	0.593045	0.0864326	0.996044	0.66169	5.76088
475.	0.913499	0.00048664	174918.	0.593071	0.0865192	0.996054	0.660014	5.74799
476.	0.91343	0.000486366	175060.	0.593096	0.0866056	0.996065	0.658342	5.73513
477.	0.913361	0.000486093	175201.	0.593122	0.0866919	0.996075	0.656676	5.7223
478.	0.913292	0.000485821	175342.	0.593148	0.0867781	0.996086	0.655015	5.70951
479.	0.913223	0.00048555	175483.	0.593173	0.0868641	0.996096	0.65336	5.69674
480.	0.913153	0.000485279	175624.	0.593199	0.08695	0.996106	0.651709	5.68401
481.	0.913084	0.00048501	175765.	0.593224	0.0870358	0.996116	0.650063	5.67131
482.	0.913015	0.000484741	175906.	0.593249	0.0871214	0.996126	0.648423	5.65864
483.	0.912946	0.000484473	176047.	0.593275	0.0872069	0.996136	0.646788	5.646
484.	0.912878	0.000484206	176188.	0.5933	0.0872922	0.996146	0.645157	5.63339
485.	0.912809	0.00048394	176328.	0.593325	0.0873775	0.996156	0.643532	5.62081
486.	0.91274	0.000483675	176469.	0.593351	0.0874626	0.996166	0.641912	5.60826
487.	0.912671	0.00048341	176609.	0.593376	0.0875476	0.996175	0.640296	5.59574
488.	0.912602	0.000483147	176750.	0.593401	0.0876324	0.996185	0.638686	5.58325
489.	0.912533	0.000482884	176890.	0.593426	0.0877172	0.996194	0.63708	5.57079
490.	0.912465	0.000482621	177030.	0.593451	0.0878018	0.996203	0.635479	5.55836
491.	0.912396	0.00048236	177170.	0.593476	0.0878863	0.996212	0.633884	5.54596
492.	0.912327	0.000482099	177310.	0.593501	0.0879706	0.996222	0.632293	5.53359
493.	0.912259	0.00048184	177450.	0.593526	0.0880549	0.996231	0.630707	5.52124
494.	0.91219	0.00048158	177590.	0.593551	0.088139	0.996239	0.629125	5.50893
495.	0.912122	0.000481322	177730.	0.593576	0.088223	0.996248	0.627549	5.49665
496.	0.912053	0.000481065	177870.	0.593601	0.0883069	0.996257	0.625977	5.4844
497.	0.911985	0.000480808	178010.	0.593626	0.0883907	0.996266	0.62441	5.47218
498.	0.911916	0.000480552	178149.	0.593651	0.0884744	0.996274	0.622847	5.45998
499.	0.911848	0.000480296	178289.	0.593676	0.0885579	0.996283	0.621289	5.44782
500.	0.91178	0.000480041	178428.	0.5937	0.0886413	0.996291	0.619736	5.43568
501.	0.911711	0.000479787	178568.	0.593725	0.0887247	0.9963	0.618188	5.42357
502.	0.911643	0.000479534	178707.	0.59375	0.0888079	0.996308	0.616644	5.41149
503.	0.911575	0.000479282	178847.	0.593775	0.088891	0.996316	0.615104	5.39944
504.	0.911507	0.00047903	178986.	0.593799	0.088974	0.996324	0.61357	5.38742
505.	0.911439	0.000478779	179125.	0.593824	0.0890569	0.996333	0.612039	5.37543
506.	0.91137	0.000478528	179264.	0.593848	0.0891397	0.996341	0.610514	5.36347
507.	0.911302	0.000478278	179403.	0.593873	0.0892223	0.996349	0.608992	5.35153
508.	0.911234	0.000478029	179542.	0.593897	0.0893049	0.996356	0.607476	5.33962
509.	0.911166	0.000477781	179681.	0.593922	0.0893874	0.996364	0.605963	5.32774
510.	0.911098	0.000477533	179819.	0.593946	0.0894698	0.996372	0.604456	5.31589
511.	0.91103	0.000477286	179958.	0.593971	0.089552	0.99638	0.602952	5.30407
512.	0.910962	0.000477039	180097.	0.593995	0.0896342	0.996387	0.601453	5.29227
513.	0.910895	0.000476793	180235.	0.59402	0.0897162	0.996395	0.599958	5.28051
514.	0.910827	0.000476548	180374.	0.594044	0.0897982	0.996402	0.598468	5.26877
515.	0.910759	0.000476303	180512.	0.594068	0.0898801	0.996409	0.596982	5.25705
516.	0.910691	0.000476059	180650.	0.594093	0.0899618	0.996417	0.5955	5.24537
517.	0.910623	0.000475816	180789.	0.594117	0.0900435	0.996424	0.594023	5.23371
518.	0.910556	0.000475573	180927.	0.594141	0.0901251	0.996431	0.59255	5.22208
519.	0.910488	0.000475331	181065.	0.594165	0.0902065	0.996438	0.591081	5.21048
520.	0.91042	0.000475089	181203.	0.594189	0.0902879	0.996445	0.589616	5.19891
521.	0.910353	0.000474848	181341.	0.594214	0.0903692	0.996452	0.588156	5.18736
522.	0.910285	0.000474608	181479.	0.594238	0.0904504	0.996459	0.5867	5.17584
523.	0.910218	0.000474368	181617.	0.594262	0.0905315	0.996466	0.585248	5.16435
524.	0.91015	0.000474129	181755.	0.594286	0.0906125	0.996473	0.5838	5.15288
525.	0.910083	0.000473891	181892.	0.59431	0.0906934	0.99648	0.582356	5.14144
526.	0.910015	0.000473652	182030.	0.594334	0.0907742	0.996486	0.580917	5.13003
527.	0.909948	0.000473415	182168.	0.594358	0.090855	0.996493	0.579481	5.11864
528.	0.90988	0.000473178	182305.	0.594382	0.0909356	0.9965	0.57805	5.10728
529.	0.909813	0.000472942	182442.	0.594406	0.0910162	0.996506	0.576623	5.09595
530.	0.909746	0.000472706	182580.	0.59443	0.0910966	0.996513	0.575199	5.08464
531.	0.909678	0.000472471	182717.	0.594454	0.091177	0.996519	0.57378	5.07336
532.	0.909611	0.000472236	182854.	0.594478	0.0912573	0.996525	0.572365	5.06211
533.	0.909544	0.000472002	182992.	0.594501	0.0913375	0.996532	0.570954	5.05088
534.	0.909477	0.000471768	183129.	0.594525	0.0914177	0.996538	0.569547	5.03968
535.	0.90941	0.000471535	183266.	0.594549	0.0914977	0.996544	0.568144	5.02851
536.	0.909343	0.000471303	183403.	0.594573	0.0915777	0.99655	0.566744	5.01736
537.	0.909275	0.000471071	183539.	0.594596	0.0916575	0.996556	0.565349	5.00624
538.	0.909208	0.000470839	183676.	0.59462	0.0917373	0.996562	0.563958	4.99514
539.	0.909141	0.000470608	183813.	0.594644	0.091817	0.996568	0.56257	4.98407
540.	0.909074	0.000470378	183950.	0.594668	0.0918967	0.996574	0.561187	4.97302
541.	0.909007	0.000470148	184086.	0.594691	0.0919762	0.99658	0.559807	4.962
542.	0.908941	0.000469918	184223.	0.594715	0.0920557	0.996586	0.558431	4.95101
543.	0.908874	0.000469689	184359.	0.594738	0.0921351	0.996592	0.557059	4.94004
544.	0.908807	0.000469461	184496.	0.594762	0.0922144	0.996597	0.555691	4.9291
545.	0.90874	0.000469233	184632.	0.594786	0.0922936	0.996603	0.554326	4.91818
546.	0.908673	0.000469006	184768.	0.594809	0.0923728	0.996609	0.552966	4.90729
547.	0.908606	0.000468779	184905.	0.594833	0.0924519	0.996614	0.551609	4.89642
548.	0.90854	0.000468552	185041.	0.594856	0.0925309	0.99662	0.550256	4.88558
549.	0.908473	0.000468326	185177.	0.59488	0.0926098	0.996625	0.548907	4.87476
550.	0.908406	0.000468101	185313.	0.594903	0.0926887	0.996631	0.547561	4.86397
551.	0.90834	0.000467876	185449.	0.594927	0.0927674	0.996636	0.546219	4.85321
552.	0.908273	0.000467651	185585.	0.59495	0.0928461	0.996642	0.544881	4.84246
553.	0.908207	0.000467427	185721.	0.594973	0.0929248	0.996647	0.543547	4.83175
554.	0.90814	0.000467203	185856.	0.594997	0.0930033	0.996652	0.542216	4.82106
555.	0.908074	0.00046698	185992.	0.59502	0.0930818	0.996657	0.540889	4.81039
556.	0.908007	0.000466757	186128.	0.595043	0.0931602	0.996663	0.539566	4.79975
557.	0.907941	0.000466535	186263.	0.595067	0.0932386	0.996668	0.538246	4.78913
558.	0.907874	0.000466313	186399.	0.59509	0.0933169	0.996673	0.53693	4.77854
559.	0.907808	0.000466092	186534.	0.595113	0.0933951	0.996678	0.535617	4.76797
560.	0.907741	0.000465871	186670.	0.595137	0.0934732	0.996683	0.534308	4.75742
561.	0.907675	0.00046565	186805.	0.59516	0.0935513	0.996688	0.533003	4.7469
562.	0.907609	0.00046543	186940.	0.595183	0.0936292	0.996693	0.531701	4.73641
563.	0.907543	0.00046521	187075.	0.595206	0.0937072	0.996698	0.530403	4.72593
564.	0.907476	0.000464991	187210.	0.595229	0.093785	0.996703	0.529108	4.71549
565.	0.90741	0.000464772	187345.	0.595252	0.0938628	0.996708	0.527817	4.70506
566.	0.907344	0.000464554	187480.	0.595276	0.0939405	0.996712	0.526529	4.69466
567.	0.907278	0.000464336	187615.	0.595299	0.0940182	0.996717	0.525245	4.68429
568.	0.907212	0.000464118	187750.	0.595322	0.0940958	0.996722	0.523964	4.67394
569.	0.907146	0.000463901	187885.	0.595345	0.0941733	0.996727	0.522687	4.66361
570.	0.90708	0.000463684	188020.	0.595368	0.0942508	0.996731	0.521413	4.6533
571.	0.907014	0.000463468	188154.	0.595391	0.0943282	0.996736	0.520143	4.64302
572.	0.906948	0.000463252	188289.	0.595414	0.0944055	0.99674	0.518876	4.63277
573.	0.906882	0.000463037	188424.	0.595437	0.0944828	0.996745	0.517613	4.62253
574.	0.906816	0.000462821	188558.	0.59546	0.09456	0.996749	0.516353	4.61232
575.	0.90675	0.000462607	188693.	0.595483	0.0946371	0.996754	0.515096	4.60214
576.	0.906684	0.000462392	188827.	0.595506	0.0947142	0.996758	0.513843	4.59198
577.	0.906618	0.000462179	188961.	0.595529	0.0947912	0.996763	0.512593	4.58184
578.	0.906552	0.000461965	189095.	0.595552	0.0948682	0.996767	0.511346	4.57172
579.	0.906487	0.000461752	189230.	0.595575	0.0949451	0.996771	0.510103	4.56163
580.	0.906421	0.000461539	189364.	0.595598	0.0950219	0.996776	0.508863	4.55156
581.	0.906355	0.000461327	189498.	0.59562	0.0950987	0.99678	0.507627	4.54151
582.	0.90629	0.000461115	189632.	0.595643	0.0951754	0.996784	0.506394	4.53149
583.	0.906224	0.000460903	189766.	0.595666	0.0952521	0.996788	0.505164	4.52148
584.	0.906158	0.000460692	189900.	0.595689	0.0953287	0.996793	0.503937	4.51151
585.	0.906093	0.000460481	190033.	0.595712	0.0954052	0.996797	0.502714	4.50155
586.	0.906027	0.00046027	190167.	0.595734	0.0954817	0.996801	0.501494	4.49162
587.	0.905962	0.00046006	190301.	0.595757	0.0955581	0.996805	0.500277	4.48171
588.	0.905896	0.00045985	190434.	0.59578	0.0956345	0.996809	0.499063	4.47182
589.	0.905831	0.000459641	190568.	0.595803	0.0957108	0.996813	0.497853	4.46196
590.	0.905765	0.000459432	190702.	0.595825	0.0957871	0.996817	0.496646	4.45211
591.	0.9057	0.000459223	190835.	0.595848	0.0958632	0.996821	0.495442	4.4423
592.	0.905634	0.000459015	190968.	0.595871	0.0959394	0.996825	0.494241	4.4325
593.	0.905569	0.000458807	191102.	0.595893	0.0960155	0.996829	0.493044	4.42272
594.	0.905504	0.000458599	191235.	0.595916	0.0960915	0.996833	0.491849	4.41297
595.	0.905438	0.000458392	191368.	0.595939	0.0961675	0.996837	0.490658	4.40324
596.	0.905373	0.000458185	191501.	0.595961	0.0962434	0.99684	0.48947	4.39353
597.	0.905308	0.000457978	191634.	0.595984	0.0963193	0.996844	0.488285	4.38385
598.	0.905243	0.000457772	191767.	0.596007	0.0963951	0.996848	0.487103	4.37418
599.	0.905178	0.000457566	191900.	0.596029	0.0964708	0.996852	0.485925	4.36454
600.	0.905112	0.00045736	192033.	0.596052	0.0965465	0.996855	0.484749	4.35492
601.	0.905047	0.000457155	192166.	0.596074	0.0966222	0.996859	0.483577	4.34532
602.	0.904982	0.00045695	192299.	0.596097	0.0966978	0.996863	0.482408	4.33575
603.	0.904917	0.000456745	192432.	0.596119	0.0967733	0.996866	0.481241	4.32619
604.	0.904852	0.000456541	192564.	0.596142	0.0968488	0.99687	0.480078	4.31666
605.	0.904787	0.000456337	192697.	0.596164	0.0969242	0.996874	0.478918	4.30715
606.	0.904722	0.000456133	192829.	0.596187	0.0969996	0.996877	0.477761	4.29766
607.	0.904657	0.00045593	192962.	0.596209	0.097075	0.996881	0.476607	4.28819
608.	0.904592	0.000455727	193094.	0.596232	0.0971503	0.996884	0.475456	4.27875
609.	0.904527	0.000455524	193227.	0.596254	0.0972255	0.996888	0.474308	4.26932
610.	0.904463	0.000455322	193359.	0.596277	0.0973007	0.996891	0.473163	4.25992
611.	0.904398	0.00045512	193491.	0.596299	0.0973758	0.996895	0.472021	4.25054
612.	0.904333	0.000454918	193623.	0.596321	0.0974509	0.996898	0.470882	4.24118
613.	0.904268	0.000454717	193756.	0.596344	0.0975259	0.996901	0.469746	4.23184
614.	0.904203	0.000454515	193888.	0.596366	0.0976009	0.996905	0.468613	4.22252
615.	0.904139	0.000454315	194020.	0.596388	0.0976759	0.996908	0.467482	4.21322
616.	0.904074	0.000454114	194152.	0.596411	0.0977508	0.996912	0.466355	4.20395
617.	0.904009	0.000453914	194283.	0.596433	0.0978256	0.996915	0.465231	4.19469
618.	0.903945	0.000453714	194415.	0.596455	0.0979004	0.996918	0.46411	4.18546
619.	0.90388	0.000453514	194547.	0.596478	0.0979751	0.996921	0.462991	4.17625
620.	0.903816	0.000453315	194679.	0.5965	0.0980498	0.996925	0.461876	4.16706
621.	0.903751	0.000453116	194810.	0.596522	0.0981245	0.996928	0.460763	4.15788
622.	0.903687	0.000452917	194942.	0.596544	0.0981991	0.996931	0.459654	4.14873
623.	0.903622	0.000452719	195074.	0.596567	0.0982736	0.996934	0.458547	4.1396
624.	0.903558	0.000452521	195205.	0.596589	0.0983482	0.996937	0.457443	4.1305
625.	0.903493	0.000452323	195337.	0.596611	0.0984226	0.996941	0.456342	4.12141
626.	0.903429	0.000452125	195468.	0.596633	0.098497	0.996944	0.455244	4.11234
627.	0.903364	0.000451928	195599.	0.596656	0.0985714	0.996947	0.454148	4.10329
628.	0.9033	0.000451731	195731.	0.596678	0.0986457	0.99695	0.453056	4.09427
629.	0.903236	0.000451534	195862.	0.5967	0.09872	0.996953	0.451966	4.08526
630.	0.903171	0.000451338	195993.	0.596722	0.0987943	0.996956	0.450879	4.07627
631.	0.903107	0.000451142	196124.	0.596744	0.0988685	0.996959	0.449795	4.06731
632.	0.903043	0.000450946	196255.	0.596766	0.0989426	0.996962	0.448714	4.05836
633.	0.902979	0.00045075	196386.	0.596788	0.0990167	0.996965	0.447635	4.04944
634.	0.902914	0.000450555	196517.	0.59681	0.0990908	0.996968	0.44656	4.04053
635.	0.90285	0.00045036	196648.	0.596833	0.0991648	0.996971	0.445487	4.03165
636.	0.902786	0.000450165	196779.	0.596855	0.0992388	0.996974	0.444417	4.02278
637.	0.902722	0.000449971	196909.	0.596877	0.0993127	0.996977	0.443349	4.01394
638.	0.902658	0.000449777	197040.	0.596899	0.0993866	0.99698	0.442284	4.00512
639.	0.902594	0.000449583	197171.	0.596921	0.0994604	0.996983	0.441223	3.99631
640.	0.90253	0.000449389	197301.	0.596943	0.0995342	0.996985	0.440163	3.98753
641.	0.902466	0.000449196	197432.	0.596965	0.099608	0.996988	0.439107	3.97876
642.	0.902402	0.000449003	197562.	0.596987	0.0996817	0.996991	0.438053	3.97002
643.	0.902338	0.00044881	197693.	0.597009	0.0997554	0.996994	0.437002	3.96129
644.	0.902274	0.000448617	197823.	0.597031	0.099829	0.996997	0.435954	3.95258
645.	0.90221	0.000448425	197953.	0.597053	0.0999026	0.996999	0.434908	3.9439
646.	0.902146	0.000448233	198084.	0.597075	0.0999761	0.997002	0.433865	3.93523
647.	0.902083	0.000448041	198214.	0.597097	0.10005	0.997005	0.432825	3.92659
648.	0.902019	0.000447849	198344.	0.597119	0.100123	0.997008	0.431787	3.91796
649.	0.901955	0.000447658	198474.	0.597141	0.100197	0.99701	0.430752	3.90935
650.	0.901891	0.000447467	198604.	0.597162	0.10027	0.997013	0.42972	3.90076
651.	0.901828	0.000447276	198734.	0.597184	0.100343	0.997016	0.42869	3.89219
652.	0.901764	0.000447085	198864.	0.597206	0.100417	0.997018	0.427663	3.88364
653.	0.9017	0.000446895	198994.	0.597228	0.10049	0.997021	0.426639	3.87511
654.	0.901637	0.000446705	199124.	0.59725	0.100563	0.997024	0.425617	3.8666
655.	0.901573	0.000446515	199253.	0.597272	0.100636	0.997026	0.424597	3.85811
656.	0.901509	0.000446326	199383.	0.597294	0.100709	0.997029	0.423581	3.84963
657.	0.901446	0.000446136	199513.	0.597316	0.100783	0.997032	0.422567	3.84118
658.	0.901382	0.000445947	199642.	0.597337	0.100856	0.997034	0.421555	3.83275
659.	0.901319	0.000445759	199772.	0.597359	0.100929	0.997037	0.420546	3.82433
660.	0.901255	0.00044557	199901.	0.597381	0.101002	0.997039	0.41954	3.81593
661.	0.901192	0.000445382	200031.	0.597403	0.101075	0.997042	0.418536	3.80755
662.	0.901128	0.000445194	200160.	0.597425	0.101147	0.997044	0.417535	3.79919
663.	0.901065	0.000445006	200289.	0.597446	0.10122	0.997047	0.416536	3.79085
664.	0.901002	0.000444818	200419.	0.597468	0.101293	0.997049	0.41554	3.78253
665.	0.900938	0.000444631	200548.	0.59749	0.101366	0.997052	0.414547	3.77423
666.	0.900875	0.000444444	200677.	0.597512	0.101439	0.997054	0.413556	3.76594
667.	0.900812	0.000444257	200806.	0.597533	0.101511	0.997057	0.412567	3.75768
668.	0.900748	0.00044407	200935.	0.597555	0.101584	0.997059	0.411581	3.74943
669.	0.900685	0.000443883	201064.	0.597577	0.101657	0.997062	0.410598	3.7412
670.	0.900622	0.000443697	201193.	0.597598	0.101729	0.997064	0.409616	3.73299
671.	0.900559	0.000443511	201322.	0.59762	0.101802	0.997066	0.408638	3.7248
672.	0.900496	0.000443326	201451.	0.597642	0.101875	0.997069	0.407662	3.71663
673.	0.900432	0.00044314	201579.	0.597663	0.101947	0.997071	0.406688	3.70847
674.	0.900369	0.000442955	201708.	0.597685	0.102019	0.997074	0.405717	3.70034
675.	0.900306	0.00044277	201837.	0.597707	0.102092	0.997076	0.404748	3.69222
676.	0.900243	0.000442585	201965.	0.597728	0.102164	0.997078	0.403782	3.68412
677.	0.90018	0.0004424	202094.	0.59775	0.102237	0.997081	0.402818	3.67603
678.	0.900117	0.000442216	202222.	0.597772	0.102309	0.997083	0.401857	3.66797
679.	0.900054	0.000442032	202351.	0.597793	0.102381	0.997085	0.400898	3.65992
680.	0.899991	0.000441848	202479.	0.597815	0.102454	0.997088	0.399941	3.6519
681.	0.899928	0.000441664	202608.	0.597836	0.102526	0.99709	0.398987	3.64389
682.	0.899865	0.00044148	202736.	0.597858	0.102598	0.997092	0.398036	3.6359
683.	0.899803	0.000441297	202864.	0.59788	0.10267	0.997094	0.397086	3.62792
684.	0.89974	0.000441114	202992.	0.597901	0.102742	0.997097	0.396139	3.61997
685.	0.899677	0.000440931	203120.	0.597923	0.102814	0.997099	0.395195	3.61203
686.	0.899614	0.000440749	203248.	0.597944	0.102886	0.997101	0.394253	3.60411
687.	0.899551	0.000440566	203376.	0.597966	0.102958	0.997103	0.393313	3.5962
688.	0.899489	0.000440384	203504.	0.597987	0.10303	0.997106	0.392375	3.58832
689.	0.899426	0.000440202	203632.	0.598009	0.103102	0.997108	0.39144	3.58045
690.	0.899363	0.00044002	203760.	0.59803	0.103174	0.99711	0.390508	3.5726
691.	0.899301	0.000439839	203888.	0.598052	0.103246	0.997112	0.389577	3.56477
692.	0.899238	0.000439657	204016.	0.598073	0.103318	0.997114	0.388649	3.55696
693.	0.899175	0.000439476	204143.	0.598095	0.10339	0.997116	0.387723	3.54916
694.	0.899113	0.000439295	204271.	0.598116	0.103461	0.997119	0.3868	3.54138
695.	0.89905	0.000439114	204399.	0.598138	0.103533	0.997121	0.385879	3.53362
696.	0.898988	0.000438934	204526.	0.598159	0.103605	0.997123	0.38496	3.52587
697.	0.898925	0.000438754	204654.	0.59818	0.103676	0.997125	0.384044	3.51815
698.	0.898863	0.000438574	204781.	0.598202	0.103748	0.997127	0.38313	3.51044
699.	0.8988	0.000438394	204909.	0.598223	0.10382	0.997129	0.382218	3.50274
700.	0.898738	0.000438214	205036.	0.598245	0.103891	0.997131	0.381308	3.49507
701.	0.898675	0.000438034	205163.	0.598266	0.103963	0.997133	0.380401	3.48741
702.	0.898613	0.000437855	205290.	0.598287	0.104034	0.997135	0.379496	3.47977
703.	0.898551	0.000437676	205418.	0.598309	0.104106	0.997137	0.378593	3.47214
704.	0.898488	0.000437497	205545.	0.59833	0.104177	0.99714	0.377693	3.46454
705.	0.898426	0.000437319	205672.	0.598352	0.104249	0.997142	0.376794	3.45695
706.	0.898364	0.00043714	205799.	0.598373	0.10432	0.997144	0.375898	3.44937
707.	0.898301	0.000436962	205926.	0.598394	0.104391	0.997146	0.375005	3.44182
708.	0.898239	0.000436784	206053.	0.598416	0.104463	0.997148	0.374113	3.43428
709.	0.898177	0.000436606	206180.	0.598437	0.104534	0.99715	0.373224	3.42675
710.	0.898115	0.000436428	206306.	0.598458	0.104605	0.997152	0.372337	3.41925
711.	0.898053	0.000436251	206433.	0.59848	0.104676	0.997154	0.371452	3.41176
712.	0.89799	0.000436073	206560.	0.598501	0.104747	0.997156	0.370569	3.40429
713.	0.897928	0.000435896	206686.	0.598522	0.104819	0.997158	0.369689	3.39683
714.	0.897866	0.000435719	206813.	0.598543	0.10489	0.99716	0.36881	3.38939
715.	0.897804	0.000435543	206940.	0.598565	0.104961	0.997162	0.367934	3.38197
716.	0.897742	0.000435366	207066.	0.598586	0.105032	0.997164	0.36706	3.37457
717.	0.89768	0.00043519	207193.	0.598607	0.105103	0.997165	0.366189	3.36718
718.	0.897618	0.000435014	207319.	0.598628	0.105174	0.997167	0.365319	3.3598
719.	0.897556	0.000434838	207445.	0.59865	0.105245	0.997169	0.364452	3.35245
720.	0.897494	0.000434662	207572.	0.598671	0.105316	0.997171	0.363587	3.34511
721.	0.897432	0.000434486	207698.	0.598692	0.105387	0.997173	0.362724	3.33779
722.	0.897371	0.000434311	207824.	0.598713	0.105458	0.997175	0.361863	3.33048
723.	0.897309	0.000434136	207950.	0.598735	0.105528	0.997177	0.361004	3.32319
724.	0.897247	0.000433961	208076.	0.598756	0.105599	0.997179	0.360147	3.31591
725.	0.897185	0.000433786	208202.	0.598777	0.10567	0.997181	0.359293	3.30866
726.	0.897123	0.000433612	208328.	0.598798	0.105741	0.997183	0.35844	3.30141
727.	0.897061	0.000433437	208454.	0.598819	0.105811	0.997185	0.35759	3.29419
728.	0.897	0.000433263	208580.	0.59884	0.105882	0.997186	0.356742	3.28698
729.	0.896938	0.000433089	208706.	0.598862	0.105953	0.997188	0.355896	3.27978
730.	0.896876	0.000432915	208832.	0.598883	0.106023	0.99719	0.355052	3.27261
731.	0.896815	0.000432741	208958.	0.598904	0.106094	0.997192	0.35421	3.26545
732.	0.896753	0.000432568	209083.	0.598925	0.106165	0.997194	0.35337	3.2583
733.	0.896691	0.000432394	209209.	0.598946	0.106235	0.997196	0.352533	3.25117
734.	0.89663	0.000432221	209335.	0.598967	0.106306	0.997197	0.351697	3.24406
735.	0.896568	0.000432048	209460.	0.598988	0.106376	0.997199	0.350863	3.23696
736.	0.896507	0.000431876	209586.	0.59901	0.106447	0.997201	0.350032	3.22988
737.	0.896445	0.000431703	209711.	0.599031	0.106517	0.997203	0.349203	3.22281
738.	0.896384	0.00043153	209836.	0.599052	0.106587	0.997205	0.348375	3.21576
739.	0.896322	0.000431358	209962.	0.599073	0.106658	0.997206	0.34755	3.20873