t	Ns	Ni
-5178.846789200225	0.374637	0.00128157
-5179.846789200225	0.374816	0.00128609
-5180.846789200225	0.374996	0.00129062
-5181.846789200225	0.375176	0.00129518
-5182.846789200225	0.375357	0.00129975
-5183.846789200225	0.375538	0.00130434
-5184.846789200225	0.37572	0.00130896
-5185.846789200225	0.375903	0.00131359
-5186.846789200225	0.376086	0.00131824
-5187.846789200225	0.37627	0.00132292
-5188.846789200225	0.376455	0.00132761
-5189.846789200225	0.37664	0.00133232
-5190.846789200225	0.376826	0.00133706
-5191.846789200225	0.377013	0.00134181
-5192.846789200225	0.3772	0.00134659
-5193.846789200225	0.377388	0.00135138
-5194.846789200225	0.377576	0.0013562
-5195.846789200225	0.377766	0.00136104
-5196.846789200225	0.377956	0.0013659
-5197.846789200225	0.378146	0.00137078
-5198.846789200225	0.378337	0.00137568
-5199.846789200225	0.378529	0.0013806
-5200.846789200225	0.378722	0.00138555
-5201.846789200225	0.378915	0.00139051
-5202.846789200225	0.379109	0.0013955
-5203.846789200225	0.379304	0.00140051
-5204.846789200225	0.3795	0.00140554
-5205.846789200225	0.379696	0.0014106
-5206.846789200225	0.379892	0.00141568
-5207.846789200225	0.38009	0.00142078
-5208.846789200225	0.380288	0.0014259
-5209.846789200225	0.380487	0.00143104
-5210.846789200225	0.380687	0.00143621
-5211.846789200225	0.380887	0.0014414
-5212.846789200225	0.381088	0.00144661
-5213.846789200225	0.38129	0.00145185
-5214.846789200225	0.381492	0.00145711
-5215.846789200225	0.381696	0.0014624
-5216.846789200225	0.3819	0.0014677
-5217.846789200225	0.382104	0.00147304
-5218.846789200225	0.38231	0.00147839
-5219.846789200225	0.382516	0.00148377
-5220.846789200225	0.382723	0.00148917
-5221.846789200225	0.382931	0.0014946
-5222.846789200225	0.383139	0.00150005
-5223.846789200225	0.383348	0.00150553
-5224.846789200225	0.383558	0.00151103
-5225.846789200225	0.383769	0.00151656
-5226.846789200225	0.383981	0.00152211
-5227.846789200225	0.384193	0.00152769
-5228.846789200225	0.384406	0.00153329
-5229.846789200225	0.38462	0.00153892
-5230.846789200225	0.384834	0.00154457
-5231.846789200225	0.38505	0.00155025
-5232.846789200225	0.385266	0.00155596
-5233.846789200225	0.385483	0.00156169
-5234.846789200225	0.385701	0.00156745
-5235.846789200225	0.385919	0.00157323
-5236.846789200225	0.386138	0.00157904
-5237.846789200225	0.386359	0.00158488
-5238.846789200225	0.38658	0.00159074
-5239.846789200225	0.386801	0.00159663
-5240.846789200225	0.387024	0.00160255
-5241.846789200225	0.387247	0.0016085
-5242.846789200225	0.387472	0.00161447
-5243.846789200225	0.387697	0.00162047
-5244.846789200225	0.387923	0.0016265
-5245.846789200225	0.388149	0.00163256
-5246.846789200225	0.388377	0.00163864
-5247.846789200225	0.388605	0.00164475
-5248.846789200225	0.388835	0.0016509
-5249.846789200225	0.389065	0.00165707
-5250.846789200225	0.389296	0.00166327
-5251.846789200225	0.389527	0.00166949
-5252.846789200225	0.38976	0.00167575
-5253.846789200225	0.389994	0.00168204
-5254.846789200225	0.390228	0.00168835
-5255.846789200225	0.390463	0.0016947
-5256.846789200225	0.3907	0.00170108
-5257.846789200225	0.390937	0.00170748
-5258.846789200225	0.391175	0.00171392
-5259.846789200225	0.391413	0.00172039
-5260.846789200225	0.391653	0.00172688
-5261.846789200225	0.391894	0.00173341
-5262.846789200225	0.392135	0.00173997
-5263.846789200225	0.392378	0.00174656
-5264.846789200225	0.392621	0.00175318
-5265.846789200225	0.392865	0.00175984
-5266.846789200225	0.393111	0.00176652
-5267.846789200225	0.393357	0.00177324
-5268.846789200225	0.393604	0.00177999
-5269.846789200225	0.393852	0.00178677
-5270.846789200225	0.394101	0.00179359
-5271.846789200225	0.394351	0.00180043
-5272.846789200225	0.394601	0.00180731
-5273.846789200225	0.394853	0.00181423
-5274.846789200225	0.395106	0.00182117
-5275.846789200225	0.39536	0.00182815
-5276.846789200225	0.395614	0.00183517
-5277.846789200225	0.39587	0.00184222
-5278.846789200225	0.396126	0.0018493
-5279.846789200225	0.396384	0.00185642
-5280.846789200225	0.396643	0.00186357
-5281.846789200225	0.396902	0.00187076
-5282.846789200225	0.397163	0.00187798
-5283.846789200225	0.397424	0.00188523
-5284.846789200225	0.397687	0.00189253
-5285.846789200225	0.39795	0.00189986
-5286.846789200225	0.398215	0.00190722
-5287.846789200225	0.39848	0.00191462
-5288.846789200225	0.398747	0.00192206
-5289.846789200225	0.399015	0.00192953
-5290.846789200225	0.399283	0.00193704
-5291.846789200225	0.399553	0.00194459
-5292.846789200225	0.399824	0.00195218
-5293.846789200225	0.400096	0.0019598
-5294.846789200225	0.400369	0.00196746
-5295.846789200225	0.400642	0.00197516
-5296.846789200225	0.400917	0.0019829
-5297.846789200225	0.401193	0.00199067
-5298.846789200225	0.401471	0.00199849
-5299.846789200225	0.401749	0.00200634
-5300.846789200225	0.402028	0.00201424
-5301.846789200225	0.402308	0.00202217
-5302.846789200225	0.40259	0.00203014
-5303.846789200225	0.402873	0.00203816
-5304.846789200225	0.403156	0.00204621
-5305.846789200225	0.403441	0.00205431
-5306.846789200225	0.403727	0.00206244
-5307.846789200225	0.404014	0.00207062
-5308.846789200225	0.404302	0.00207884
-5309.846789200225	0.404591	0.0020871
-5310.846789200225	0.404882	0.0020954
-5311.846789200225	0.405173	0.00210374
-5312.846789200225	0.405466	0.00211213
-5313.846789200225	0.40576	0.00212056
-5314.846789200225	0.406055	0.00212903
-5315.846789200225	0.406351	0.00213755
-5316.846789200225	0.406649	0.00214611
-5317.846789200225	0.406947	0.00215472
-5318.846789200225	0.407247	0.00216337
-5319.846789200225	0.407548	0.00217206
-5320.846789200225	0.40785	0.0021808
-5321.846789200225	0.408154	0.00218958
-5322.846789200225	0.408458	0.00219841
-5323.846789200225	0.408764	0.00220729
-5324.846789200225	0.409071	0.00221621
-5325.846789200225	0.40938	0.00222518
-5326.846789200225	0.409689	0.00223419
-5327.846789200225	0.41	0.00224326
-5328.846789200225	0.410312	0.00225237
-5329.846789200225	0.410625	0.00226152
-5330.846789200225	0.41094	0.00227073
-5331.846789200225	0.411255	0.00227998
-5332.846789200225	0.411572	0.00228929
-5333.846789200225	0.411891	0.00229864
-5334.846789200225	0.41221	0.00230804
-5335.846789200225	0.412531	0.00231749
-5336.846789200225	0.412854	0.00232699
-5337.846789200225	0.413177	0.00233655
-5338.846789200225	0.413502	0.00234615
-5339.846789200225	0.413828	0.0023558
-5340.846789200225	0.414156	0.00236551
-5341.846789200225	0.414485	0.00237527
-5342.846789200225	0.414815	0.00238508
-5343.846789200225	0.415146	0.00239494
-5344.846789200225	0.415479	0.00240485
-5345.846789200225	0.415814	0.00241482
-5346.846789200225	0.416149	0.00242485
-5347.846789200225	0.416486	0.00243492
-5348.846789200225	0.416825	0.00244506
-5349.846789200225	0.417165	0.00245524
-5350.846789200225	0.417506	0.00246548
-5351.846789200225	0.417849	0.00247578
-5352.846789200225	0.418193	0.00248614
-5353.846789200225	0.418538	0.00249655
-5354.846789200225	0.418885	0.00250701
-5355.846789200225	0.419233	0.00251754
-5356.846789200225	0.419583	0.00252812
-5357.846789200225	0.419934	0.00253876
-5358.846789200225	0.420287	0.00254946
-5359.846789200225	0.420641	0.00256022
-5360.846789200225	0.420997	0.00257104
-5361.846789200225	0.421354	0.00258191
-5362.846789200225	0.421713	0.00259285
-5363.846789200225	0.422073	0.00260385
-5364.846789200225	0.422435	0.00261491
-5365.846789200225	0.422798	0.00262603
-5366.846789200225	0.423163	0.00263721
-5367.846789200225	0.423529	0.00264846
-5368.846789200225	0.423897	0.00265977
-5369.846789200225	0.424266	0.00267114
-5370.846789200225	0.424637	0.00268258
-5371.846789200225	0.42501	0.00269408
-5372.846789200225	0.425384	0.00270564
-5373.846789200225	0.42576	0.00271727
-5374.846789200225	0.426137	0.00272897
-5375.846789200225	0.426516	0.00274074
-5376.846789200225	0.426897	0.00275257
-5377.846789200225	0.427279	0.00276446
-5378.846789200225	0.427663	0.00277643
-5379.846789200225	0.428048	0.00278846
-5380.846789200225	0.428435	0.00280057
-5381.846789200225	0.428824	0.00281274
-5382.846789200225	0.429214	0.00282498
-5383.846789200225	0.429607	0.00283729
-5384.846789200225	0.43	0.00284968
-5385.846789200225	0.430396	0.00286213
-5386.846789200225	0.430793	0.00287466
-5387.846789200225	0.431192	0.00288726
-5388.846789200225	0.431593	0.00289993
-5389.846789200225	0.431995	0.00291268
-5390.846789200225	0.432399	0.0029255
-5391.846789200225	0.432805	0.00293839
-5392.846789200225	0.433213	0.00295137
-5393.846789200225	0.433623	0.00296441
-5394.846789200225	0.434034	0.00297754
-5395.846789200225	0.434447	0.00299074
-5396.846789200225	0.434862	0.00300402
-5397.846789200225	0.435279	0.00301738
-5398.846789200225	0.435697	0.00303081
-5399.846789200225	0.436118	0.00304433
-5400.846789200225	0.43654	0.00305793
-5401.846789200225	0.436964	0.0030716
-5402.846789200225	0.43739	0.00308536
-5403.846789200225	0.437818	0.00309921
-5404.846789200225	0.438248	0.00311313
-5405.846789200225	0.43868	0.00312714
-5406.846789200225	0.439113	0.00314123
-5407.846789200225	0.439549	0.00315541
-5408.846789200225	0.439986	0.00316967
-5409.846789200225	0.440426	0.00318402
-5410.846789200225	0.440867	0.00319846
-5411.846789200225	0.441311	0.00321298
-5412.846789200225	0.441756	0.00322759
-5413.846789200225	0.442204	0.00324229
-5414.846789200225	0.442653	0.00325708
-5415.846789200225	0.443105	0.00327196
-5416.846789200225	0.443558	0.00328694
-5417.846789200225	0.444014	0.003302
-5418.846789200225	0.444471	0.00331716
-5419.846789200225	0.444931	0.00333241
-5420.846789200225	0.445393	0.00334775
-5421.846789200225	0.445857	0.00336319
-5422.846789200225	0.446323	0.00337873
-5423.846789200225	0.446791	0.00339436
-5424.846789200225	0.447261	0.00341009
-5425.846789200225	0.447734	0.00342592
-5426.846789200225	0.448208	0.00344185
-5427.846789200225	0.448685	0.00345787
-5428.846789200225	0.449164	0.003474
-5429.846789200225	0.449645	0.00349023
-5430.846789200225	0.450129	0.00350656
-5431.846789200225	0.450614	0.003523
-5432.846789200225	0.451102	0.00353953
-5433.846789200225	0.451593	0.00355618
-5434.846789200225	0.452085	0.00357293
-5435.846789200225	0.45258	0.00358978
-5436.846789200225	0.453077	0.00360675
-5437.846789200225	0.453576	0.00362382
-5438.846789200225	0.454078	0.003641
-5439.846789200225	0.454582	0.0036583
-5440.846789200225	0.455088	0.0036757
-5441.846789200225	0.455597	0.00369322
-5442.846789200225	0.456109	0.00371085
-5443.846789200225	0.456622	0.00372859
-5444.846789200225	0.457138	0.00374645
-5445.846789200225	0.457657	0.00376442
-5446.846789200225	0.458178	0.00378252
-5447.846789200225	0.458701	0.00380073
-5448.846789200225	0.459227	0.00381906
-5449.846789200225	0.459756	0.00383751
-5450.846789200225	0.460287	0.00385608
-5451.846789200225	0.46082	0.00387478
-5452.846789200225	0.461356	0.0038936
-5453.846789200225	0.461895	0.00391254
-5454.846789200225	0.462436	0.00393161
-5455.846789200225	0.46298	0.0039508
-5456.846789200225	0.463526	0.00397013
-5457.846789200225	0.464075	0.00398958
-5458.846789200225	0.464627	0.00400916
-5459.846789200225	0.465182	0.00402888
-5460.846789200225	0.465739	0.00404873
-5461.846789200225	0.466299	0.00406871
-5462.846789200225	0.466861	0.00408882
-5463.846789200225	0.467426	0.00410908
-5464.846789200225	0.467994	0.00412947
-5465.846789200225	0.468565	0.00415
-5466.846789200225	0.469139	0.00417066
-5467.846789200225	0.469715	0.00419147
-5468.846789200225	0.470295	0.00421243
-5469.846789200225	0.470877	0.00423352
-5470.846789200225	0.471462	0.00425477
-5471.846789200225	0.47205	0.00427616
-5472.846789200225	0.472641	0.00429769
-5473.846789200225	0.473235	0.00431938
-5474.846789200225	0.473831	0.00434122
-5475.846789200225	0.474431	0.00436321
-5476.846789200225	0.475034	0.00438535
-5477.846789200225	0.47564	0.00440765
-5478.846789200225	0.476249	0.0044301
-5479.846789200225	0.47686	0.00445271
-5480.846789200225	0.477475	0.00447548
-5481.846789200225	0.478093	0.00449841
-5482.846789200225	0.478715	0.00452151
-5483.846789200225	0.479339	0.00454477
-5484.846789200225	0.479966	0.00456819
-5485.846789200225	0.480597	0.00459178
-5486.846789200225	0.481231	0.00461554
-5487.846789200225	0.481868	0.00463947
-5488.846789200225	0.482509	0.00466358
-5489.846789200225	0.483152	0.00468785
-5490.846789200225	0.483799	0.0047123
-5491.846789200225	0.48445	0.00473693
-5492.846789200225	0.485103	0.00476174
-5493.846789200225	0.48576	0.00478673
-5494.846789200225	0.486421	0.0048119
-5495.846789200225	0.487085	0.00483725
-5496.846789200225	0.487752	0.00486279
-5497.846789200225	0.488423	0.00488852
-5498.846789200225	0.489097	0.00491443
-5499.846789200225	0.489775	0.00494054
-5500.846789200225	0.490456	0.00496684
-5501.846789200225	0.491141	0.00499334
-5502.846789200225	0.49183	0.00502003
-5503.846789200225	0.492522	0.00504693
-5504.846789200225	0.493218	0.00507402
-5505.846789200225	0.493917	0.00510132
-5506.846789200225	0.49462	0.00512882
-5507.846789200225	0.495327	0.00515653
-5508.846789200225	0.496038	0.00518445
-5509.846789200225	0.496753	0.00521258
-5510.846789200225	0.497471	0.00524093
-5511.846789200225	0.498193	0.00526949
-5512.846789200225	0.498919	0.00529827
-5513.846789200225	0.499649	0.00532727
-5514.846789200225	0.500383	0.00535649
-5515.846789200225	0.501121	0.00538593
-5516.846789200225	0.501863	0.00541561
-5517.846789200225	0.502609	0.00544551
-5518.846789200225	0.503359	0.00547565
-5519.846789200225	0.504113	0.00550602
-5520.846789200225	0.504871	0.00553663
-5521.846789200225	0.505633	0.00556747
-5522.846789200225	0.5064	0.00559856
-5523.846789200225	0.50717	0.0056299
-5524.846789200225	0.507945	0.00566148
-5525.846789200225	0.508724	0.00569331
-5526.846789200225	0.509508	0.00572539
-5527.846789200225	0.510296	0.00575773
-5528.846789200225	0.511088	0.00579032
-5529.846789200225	0.511885	0.00582318
-5530.846789200225	0.512686	0.0058563
-5531.846789200225	0.513492	0.00588969
-5532.846789200225	0.514302	0.00592334
-5533.846789200225	0.515116	0.00595727
-5534.846789200225	0.515936	0.00599147
-5535.846789200225	0.516759	0.00602595
-5536.846789200225	0.517588	0.00606072
-5537.846789200225	0.518421	0.00609576
-5538.846789200225	0.519259	0.0061311
-5539.846789200225	0.520102	0.00616672
-5540.846789200225	0.52095	0.00620264
-5541.846789200225	0.521802	0.00623885
-5542.846789200225	0.52266	0.00627537
-5543.846789200225	0.523522	0.00631219
-5544.846789200225	0.524389	0.00634932
-5545.846789200225	0.525261	0.00638676
-5546.846789200225	0.526139	0.00642451
-5547.846789200225	0.527021	0.00646258
-5548.846789200225	0.527909	0.00650097
-5549.846789200225	0.528801	0.00653969
-5550.846789200225	0.529699	0.00657873
-5551.846789200225	0.530603	0.00661811
-5552.846789200225	0.531511	0.00665783
-5553.846789200225	0.532425	0.00669788
-5554.846789200225	0.533345	0.00673828
-5555.846789200225	0.534269	0.00677903
-5556.846789200225	0.5352	0.00682013
-5557.846789200225	0.536135	0.00686159
-5558.846789200225	0.537077	0.00690341
-5559.846789200225	0.538024	0.00694559
-5560.846789200225	0.538976	0.00698814
-5561.846789200225	0.539935	0.00703107
-5562.846789200225	0.540899	0.00707438
-5563.846789200225	0.541869	0.00711806
-5564.846789200225	0.542845	0.00716214
-5565.846789200225	0.543827	0.00720661
-5566.846789200225	0.544815	0.00725147
-5567.846789200225	0.545809	0.00729674
-5568.846789200225	0.546809	0.00734241
-5569.846789200225	0.547815	0.00738849
-5570.846789200225	0.548827	0.00743499
-5571.846789200225	0.549846	0.00748191
-5572.846789200225	0.550871	0.00752926
-5573.846789200225	0.551902	0.00757704
-5574.846789200225	0.552939	0.00762526
-5575.846789200225	0.553984	0.00767392
-5576.846789200225	0.555034	0.00772302
-5577.846789200225	0.556092	0.00777259
-5578.846789200225	0.557155	0.00782261
-5579.846789200225	0.558226	0.00787309
-5580.846789200225	0.559303	0.00792405
-5581.846789200225	0.560388	0.00797549
-5582.846789200225	0.561479	0.00802741
-5583.846789200225	0.562577	0.00807982
-5584.846789200225	0.563682	0.00813272
-5585.846789200225	0.564794	0.00818613
-5586.846789200225	0.565914	0.00824004
-5587.846789200225	0.56704	0.00829447
-5588.846789200225	0.568174	0.00834942
-5589.846789200225	0.569315	0.00840491
-5590.846789200225	0.570464	0.00846092
-5591.846789200225	0.57162	0.00851748
-5592.846789200225	0.572784	0.00857459
-5593.846789200225	0.573955	0.00863226
-5594.846789200225	0.575135	0.00869049
-5595.846789200225	0.576321	0.00874929
-5596.846789200225	0.577516	0.00880867
-5597.846789200225	0.578719	0.00886864
-5598.846789200225	0.57993	0.0089292
-5599.846789200225	0.581148	0.00899037
-5600.846789200225	0.582375	0.00905214
-5601.846789200225	0.583611	0.00911454
-5602.846789200225	0.584854	0.00917757
-5603.846789200225	0.586106	0.00924123
-5604.846789200225	0.587366	0.00930554
-5605.846789200225	0.588636	0.0093705
-5606.846789200225	0.589913	0.00943612
-5607.846789200225	0.5912	0.00950242
-5608.846789200225	0.592495	0.0095694
-5609.846789200225	0.593799	0.00963706
-5610.846789200225	0.595112	0.00970543
-5611.846789200225	0.596435	0.00977451
-5612.846789200225	0.597766	0.00984431
-5613.846789200225	0.599107	0.00991484
-5614.846789200225	0.600457	0.00998612
-5615.846789200225	0.601817	0.0100581
-5616.846789200225	0.603186	0.0101309
-5617.846789200225	0.604565	0.0102045
-5618.846789200225	0.605954	0.0102788
-5619.846789200225	0.607353	0.010354
-5620.846789200225	0.608761	0.0104299
-5621.846789200225	0.61018	0.0105067
-5622.846789200225	0.611609	0.0105843
-5623.846789200225	0.613048	0.0106627
-5624.846789200225	0.614498	0.010742
-5625.846789200225	0.615958	0.0108221
-5626.846789200225	0.617429	0.0109032
-5627.846789200225	0.61891	0.0109851
-5628.846789200225	0.620402	0.0110679
-5629.846789200225	0.621906	0.0111516
-5630.846789200225	0.62342	0.0112363
-5631.846789200225	0.624946	0.0113219
-5632.846789200225	0.626483	0.0114085
-5633.846789200225	0.628031	0.0114961
-5634.846789200225	0.629591	0.0115846
-5635.846789200225	0.631163	0.0116742
-5636.846789200225	0.632747	0.0117647
-5637.846789200225	0.634342	0.0118563
-5638.846789200225	0.63595	0.011949
-5639.846789200225	0.63757	0.0120427
-5640.846789200225	0.639203	0.0121374
-5641.846789200225	0.640847	0.0122333
-5642.846789200225	0.642505	0.0123303
-5643.846789200225	0.644175	0.0124284
-5644.846789200225	0.645859	0.0125277
-5645.846789200225	0.647555	0.0126281
-5646.846789200225	0.649265	0.0127297
-5647.846789200225	0.650988	0.0128325
-5648.846789200225	0.652724	0.0129365
-5649.846789200225	0.654475	0.0130417
-5650.846789200225	0.656239	0.0131482
-5651.846789200225	0.658017	0.0132559
-5652.846789200225	0.65981	0.013365
-5653.846789200225	0.661616	0.0134753
-5654.846789200225	0.663438	0.0135869
-5655.846789200225	0.665274	0.0136999
-5656.846789200225	0.667125	0.0138143
-5657.846789200225	0.668991	0.01393
-5658.846789200225	0.670872	0.0140471
-5659.846789200225	0.672769	0.0141657
-5660.846789200225	0.674681	0.0142856
-5661.846789200225	0.676609	0.0144071
-5662.846789200225	0.678553	0.01453
-5663.846789200225	0.680513	0.0146544
-5664.846789200225	0.68249	0.0147803
-5665.846789200225	0.684483	0.0149077
-5666.846789200225	0.686493	0.0150367
-5667.846789200225	0.68852	0.0151672
-5668.846789200225	0.690564	0.0152994
-5669.846789200225	0.692625	0.0154331
-5670.846789200225	0.694704	0.0155684
-5671.846789200225	0.696801	0.0157054
-5672.846789200225	0.698916	0.0158441
-5673.846789200225	0.701049	0.0159844
-5674.846789200225	0.703201	0.0161264
-5675.846789200225	0.705371	0.01627
-5676.846789200225	0.70756	0.0164154
-5677.846789200225	0.709769	0.0165626
-5678.846789200225	0.711996	0.0167114
-5679.846789200225	0.714244	0.016862
-5680.846789200225	0.716511	0.0170143
-5681.846789200225	0.718799	0.0171684
-5682.846789200225	0.721107	0.0173243
-5683.846789200225	0.723435	0.0174819
-5684.846789200225	0.725785	0.0176412
-5685.846789200225	0.728155	0.0178023
-5686.846789200225	0.730547	0.0179652
-5687.846789200225	0.732961	0.0181298
-5688.846789200225	0.735396	0.0182961
-5689.846789200225	0.737854	0.0184641
-5690.846789200225	0.740334	0.0186338
-5691.846789200225	0.742837	0.0188052
-5692.846789200225	0.745363	0.0189782
-5693.846789200225	0.747912	0.0191527
-5694.846789200225	0.750484	0.0193289
-5695.846789200225	0.753081	0.0195065
-5696.846789200225	0.755701	0.0196855
-5697.846789200225	0.758346	0.0198659
-5698.846789200225	0.761015	0.0200475
-5699.846789200225	0.763709	0.0202304
-5700.846789200225	0.766428	0.0204144
-5701.846789200225	0.769173	0.0205993
-5702.846789200225	0.771943	0.0207851
-5703.846789200225	0.774739	0.0209717
-5704.846789200225	0.777561	0.0211588
-5705.846789200225	0.78041	0.0213463
-5706.846789200225	0.783285	0.0215341
-5707.846789200225	0.786187	0.0217219
-5708.846789200225	0.789116	0.0219094
-5709.846789200225	0.792072	0.0220965
-5710.846789200225	0.795056	0.0222828
-5711.846789200225	0.798067	0.0224681
-5712.846789200225	0.801106	0.022652
-5713.846789200225	0.804173	0.0228342
-5714.846789200225	0.807268	0.0230142
-5715.846789200225	0.810391	0.0231916
-5716.846789200225	0.813542	0.023366
-5717.846789200225	0.816721	0.0235368
-5718.846789200225	0.819929	0.0237034
-5719.846789200225	0.823165	0.0238653
-5720.846789200225	0.826429	0.0240217
-5721.846789200225	0.829721	0.024172
-5722.846789200225	0.833042	0.0243154
-5723.846789200225	0.836389	0.0244509
-5724.846789200225	0.839765	0.0245777
-5725.846789200225	0.843167	0.0246949
-5726.846789200225	0.846596	0.0248012
-5727.846789200225	0.850052	0.0248956
-5728.846789200225	0.853533	0.0249768
-5729.846789200225	0.85704	0.0250436
-5730.846789200225	0.86057	0.0250943
-5731.846789200225	0.864124	0.0251277
-5732.846789200225	0.867701	0.025142
-5733.846789200225	0.871299	0.0251356
-5734.846789200225	0.874917	0.0251065
-5735.846789200225	0.878554	0.025053
-5736.846789200225	0.882207	0.0249729
-5737.846789200225	0.885876	0.0248641
-5738.846789200225	0.889558	0.0247246
-5739.846789200225	0.893251	0.0245518
-5740.846789200225	0.896952	0.0243436
-5741.846789200225	0.900659	0.0240975
-5742.846789200225	0.904368	0.0238111
-5743.846789200225	0.908076	0.0234819
-5744.846789200225	0.911778	0.0231076
-5745.846789200225	0.915472	0.0226857
-5746.846789200225	0.919151	0.0222143
-5747.846789200225	0.922811	0.0216912
-5748.846789200225	0.926446	0.0211147
-5749.846789200225	0.930049	0.0204835
-5750.846789200225	0.933613	0.0197966
-5751.846789200225	0.937132	0.0190538
-5752.846789200225	0.940596	0.0182555
-5753.846789200225	0.943996	0.0174029
-5754.846789200225	0.947323	0.0164984
-5755.846789200225	0.950565	0.0155454
-5756.846789200225	0.953712	0.0145489
-5757.846789200225	0.95675	0.0135151
-5758.846789200225	0.959668	0.0124522
-5759.846789200225	0.962452	0.01137
-5760.846789200225	0.965089	0.0102798
-5761.846789200225	0.967565	0.00919463
-5762.846789200225	0.969868	0.00812885
-5763.846789200225	0.971986	0.0070974
-5764.846789200225	0.973912	0.0061153
-5765.846789200225	0.975637	0.00519669
-5766.846789200225	0.977162	0.00435379
-5767.846789200225	0.978486	0.0035959
-5768.846789200225	0.979618	0.00292865
-5769.846789200225	0.98057	0.00235352
-5770.846789200225	0.981356	0.00186799
-5771.846789200225	0.981995	0.00146611
-5772.846789200225	0.982507	0.00113945
-5773.846789200225	0.982911	0.000878177
-5774.846789200225	0.983228	0.000672108
-5775.846789200225	0.983472	0.000511475
-5776.846789200225	0.98366	0.000387461
-5777.846789200225	0.983803	0.000292464
-5778.846789200225	0.983912	0.000220141
-5779.846789200225	0.983994	0.000165344
-5780.846789200225	0.984056	0.000123981
-5781.846789200225	0.984103	0.0000928483
-5782.846789200225	0.984138	0.0000694673
-5783.846789200225	0.984164	0.0000519343
-5784.846789200225	0.984183	0.0000388064
-5785.846789200225	0.984198	0.0000289851
-5786.846789200225	0.984209	0.0000216411
-5787.846789200225	0.984217	0.000016156
-5788.846789200225	0.984223	0.0000120602
-5789.846789200225	0.984228	0.00000899996
-5790.846789200225	0.984231	0.00000671566
-5791.846789200225	0.984234	0.00000501187
-5792.846789200225	0.984236	0.00000374035
-5793.846789200225	0.984237	0.00000279009
-5794.846789200225	0.984238	0.0000020817
-5795.846789200225	0.984239	0.00000155339
-5796.846789200225	0.984239	0.00000115894
-5797.846789200225	0.98424	0.000000864432
-5798.846789200225	0.98424	0.000000644965
-5799.846789200225	0.98424	0.000000481187
-5800.846789200225	0.984241	0.000000358907
-5801.846789200225	0.984241	0.000000267707
-5802.846789200225	0.984241	0.000000199609
-5803.846789200225	0.984241	0.000000148892
-5804.846789200225	0.984241	0.000000111107
-5805.846789200225	0.984241	0.0000000829132
-5806.846789200225	0.984241	0.0000000618676
-5807.846789200225	0.984241	0.0000000461749
-5808.846789200225	0.984241	0.0000000345061
-5809.846789200225	0.984241	0.0000000258009
-5810.846789200225	0.984241	0.0000000193169
-5811.846789200225	0.984241	0.0000000143737
-5812.846789200225	0.984241	0.0000000106766
-5813.846789200225	0.984241	0.00000000789986
-5814.846789200225	0.984241	0.00000000585757
-5815.846789200225	0.984241	0.00000000431612
-5816.846789200225	0.984241	0.00000000318447
-5817.846789200225	0.984241	0.00000000237764
-5818.846789200225	0.984241	0.0000000017876
-5819.846789200225	0.984241	0.00000000135992
-5820.846789200225	0.984241	0.00000000103325