t	Ns	Ni
-5548.787335054766	0.527856	0.00649869
-5549.787335054766	0.528748	0.00653738
-5550.787335054766	0.529646	0.00657641
-5551.787335054766	0.530549	0.00661577
-5552.787335054766	0.531457	0.00665547
-5553.787335054766	0.532371	0.0066955
-5554.787335054766	0.53329	0.00673588
-5555.787335054766	0.534214	0.00677661
-5556.787335054766	0.535144	0.00681769
-5557.787335054766	0.53608	0.00685913
-5558.787335054766	0.537021	0.00690092
-5559.787335054766	0.537967	0.00694308
-5560.787335054766	0.53892	0.00698562
-5561.787335054766	0.539878	0.00702852
-5562.787335054766	0.540842	0.0070718
-5563.787335054766	0.541811	0.00711547
-5564.787335054766	0.542787	0.00715952
-5565.787335054766	0.543769	0.00720397
-5566.787335054766	0.544756	0.00724881
-5567.787335054766	0.54575	0.00729405
-5568.787335054766	0.546749	0.0073397
-5569.787335054766	0.547755	0.00738576
-5570.787335054766	0.548767	0.00743223
-5571.787335054766	0.549785	0.00747913
-5572.787335054766	0.55081	0.00752645
-5573.787335054766	0.55184	0.00757421
-5574.787335054766	0.552878	0.0076224
-5575.787335054766	0.553921	0.00767103
-5576.787335054766	0.554972	0.00772012
-5577.787335054766	0.556029	0.00776965
-5578.787335054766	0.557092	0.00781965
-5579.787335054766	0.558162	0.00787011
-5580.787335054766	0.559239	0.00792104
-5581.787335054766	0.560323	0.00797245
-5582.787335054766	0.561414	0.00802434
-5583.787335054766	0.562512	0.00807672
-5584.787335054766	0.563616	0.0081296
-5585.787335054766	0.564728	0.00818298
-5586.787335054766	0.565847	0.00823687
-5587.787335054766	0.566973	0.00829127
-5588.787335054766	0.568107	0.00834619
-5589.787335054766	0.569247	0.00840164
-5590.787335054766	0.570396	0.00845763
-5591.787335054766	0.571551	0.00851416
-5592.787335054766	0.572715	0.00857124
-5593.787335054766	0.573886	0.00862888
-5594.787335054766	0.575064	0.00868708
-5595.787335054766	0.576251	0.00874585
-5596.787335054766	0.577445	0.0088052
-5597.787335054766	0.578647	0.00886514
-5598.787335054766	0.579858	0.00892567
-5599.787335054766	0.581076	0.00898681
-5600.787335054766	0.582302	0.00904856
-5601.787335054766	0.583537	0.00911092
-5602.787335054766	0.58478	0.00917392
-5603.787335054766	0.586032	0.00923755
-5604.787335054766	0.587292	0.00930182
-5605.787335054766	0.58856	0.00936675
-5606.787335054766	0.589837	0.00943234
-5607.787335054766	0.591123	0.00949861
-5608.787335054766	0.592418	0.00956556
-5609.787335054766	0.593722	0.00963319
-5610.787335054766	0.595034	0.00970153
-5611.787335054766	0.596356	0.00977058
-5612.787335054766	0.597687	0.00984035
-5613.787335054766	0.599027	0.00991085
-5614.787335054766	0.600377	0.00998209
-5615.787335054766	0.601736	0.0100541
-5616.787335054766	0.603105	0.0101268
-5617.787335054766	0.604483	0.0102004
-5618.787335054766	0.605872	0.0102747
-5619.787335054766	0.60727	0.0103498
-5620.787335054766	0.608678	0.0104257
-5621.787335054766	0.610096	0.0105024
-5622.787335054766	0.611524	0.01058
-5623.787335054766	0.612963	0.0106584
-5624.787335054766	0.614412	0.0107377
-5625.787335054766	0.615871	0.0108178
-5626.787335054766	0.617341	0.0108988
-5627.787335054766	0.618822	0.0109807
-5628.787335054766	0.620314	0.0110635
-5629.787335054766	0.621817	0.0111472
-5630.787335054766	0.623331	0.0112319
-5631.787335054766	0.624856	0.0113175
-5632.787335054766	0.626392	0.0114041
-5633.787335054766	0.62794	0.0114916
-5634.787335054766	0.629499	0.0115801
-5635.787335054766	0.631071	0.0116697
-5636.787335054766	0.632654	0.0117602
-5637.787335054766	0.634249	0.0118518
-5638.787335054766	0.635856	0.0119445
-5639.787335054766	0.637475	0.0120382
-5640.787335054766	0.639107	0.012133
-5641.787335054766	0.640751	0.0122289
-5642.787335054766	0.642408	0.0123259
-5643.787335054766	0.644078	0.012424
-5644.787335054766	0.64576	0.0125233
-5645.787335054766	0.647456	0.0126238
-5646.787335054766	0.649165	0.0127254
-5647.787335054766	0.650887	0.0128282
-5648.787335054766	0.652623	0.0129323
-5649.787335054766	0.654373	0.0130376
-5650.787335054766	0.656137	0.0131441
-5651.787335054766	0.657914	0.013252
-5652.787335054766	0.659706	0.0133611
-5653.787335054766	0.661512	0.0134715
-5654.787335054766	0.663333	0.0135833
-5655.787335054766	0.665168	0.0136964
-5656.787335054766	0.667018	0.0138109
-5657.787335054766	0.668884	0.0139268
-5658.787335054766	0.670764	0.0140441
-5659.787335054766	0.67266	0.0141628
-5660.787335054766	0.674572	0.014283
-5661.787335054766	0.6765	0.0144047
-5662.787335054766	0.678443	0.0145278
-5663.787335054766	0.680403	0.0146525
-5664.787335054766	0.682379	0.0147787
-5665.787335054766	0.684371	0.0149065
-5666.787335054766	0.686381	0.0150358
-5667.787335054766	0.688407	0.0151668
-5668.787335054766	0.690451	0.0152993
-5669.787335054766	0.692512	0.0154336
-5670.787335054766	0.69459	0.0155694
-5671.787335054766	0.696687	0.015707
-5672.787335054766	0.698801	0.0158462
-5673.787335054766	0.700934	0.0159872
-5674.787335054766	0.703085	0.0161299
-5675.787335054766	0.705255	0.0162743
-5676.787335054766	0.707445	0.0164206
-5677.787335054766	0.709653	0.0165686
-5678.787335054766	0.711881	0.0167184
-5679.787335054766	0.714128	0.0168701
-5680.787335054766	0.716396	0.0170236
-5681.787335054766	0.718683	0.0171789
-5682.787335054766	0.720991	0.0173361
-5683.787335054766	0.72332	0.0174952
-5684.787335054766	0.72567	0.0176562
-5685.787335054766	0.728041	0.017819
-5686.787335054766	0.730434	0.0179837
-5687.787335054766	0.732848	0.0181503
-5688.787335054766	0.735285	0.0183188
-5689.787335054766	0.737743	0.0184892
-5690.787335054766	0.740225	0.0186615
-5691.787335054766	0.742729	0.0188356
-5692.787335054766	0.745256	0.0190115
-5693.787335054766	0.747807	0.0191893
-5694.787335054766	0.750382	0.0193689
-5695.787335054766	0.75298	0.0195503
-5696.787335054766	0.755603	0.0197334
-5697.787335054766	0.758251	0.0199181
-5698.787335054766	0.760923	0.0201045
-5699.787335054766	0.76362	0.0202925
-5700.787335054766	0.766343	0.020482
-5701.787335054766	0.769092	0.020673
-5702.787335054766	0.771867	0.0208653
-5703.787335054766	0.774668	0.0210588
-5704.787335054766	0.777495	0.0212535
-5705.787335054766	0.78035	0.0214491
-5706.787335054766	0.783231	0.0216457
-5707.787335054766	0.786141	0.021843
-5708.787335054766	0.789077	0.0220408
-5709.787335054766	0.792042	0.0222389
-5710.787335054766	0.795035	0.0224373
-5711.787335054766	0.798056	0.0226355
-5712.787335054766	0.801106	0.0228333
-5713.787335054766	0.804185	0.0230306
-5714.787335054766	0.807293	0.0232268
-5715.787335054766	0.81043	0.0234218
-5716.787335054766	0.813596	0.0236151
-5717.787335054766	0.816792	0.0238063
-5718.787335054766	0.820018	0.0239949
-5719.787335054766	0.823274	0.0241805
-5720.787335054766	0.826559	0.0243625
-5721.787335054766	0.829874	0.0245403
-5722.787335054766	0.833219	0.0247133
-5723.787335054766	0.836594	0.0248808
-5724.787335054766	0.839999	0.025042
-5725.787335054766	0.843434	0.0251961
-5726.787335054766	0.846898	0.0253422
-5727.787335054766	0.850391	0.0254793
-5728.787335054766	0.853913	0.0256064
-5729.787335054766	0.857463	0.0257223
-5730.787335054766	0.861042	0.0258259
-5731.787335054766	0.864648	0.0259159
-5732.787335054766	0.868281	0.0259907
-5733.787335054766	0.87194	0.026049
-5734.787335054766	0.875624	0.0260891
-5735.787335054766	0.879333	0.0261093
-5736.787335054766	0.883064	0.0261078
-5737.787335054766	0.886818	0.0260826
-5738.787335054766	0.890591	0.0260318
-5739.787335054766	0.894383	0.0259531
-5740.787335054766	0.898192	0.0258443
-5741.787335054766	0.902016	0.025703
-5742.787335054766	0.905852	0.0255269
-5743.787335054766	0.909697	0.0253133
-5744.787335054766	0.913549	0.0250597
-5745.787335054766	0.917405	0.0247635
-5746.787335054766	0.92126	0.0244221
-5747.787335054766	0.925111	0.0240328
-5748.787335054766	0.928953	0.0235933
-5749.787335054766	0.932781	0.023101
-5750.787335054766	0.93659	0.0225539
-5751.787335054766	0.940374	0.0219501
-5752.787335054766	0.944125	0.0212881
-5753.787335054766	0.947836	0.0205668
-5754.787335054766	0.9515	0.0197859
-5755.787335054766	0.955108	0.0189459
-5756.787335054766	0.958649	0.018048
-5757.787335054766	0.962113	0.0170948
-5758.787335054766	0.965488	0.01609
-5759.787335054766	0.968764	0.0150388
-5760.787335054766	0.971925	0.0139483
-5761.787335054766	0.974959	0.0128271
-5762.787335054766	0.977851	0.011686
-5763.787335054766	0.980587	0.0105374
-5764.787335054766	0.983153	0.00939559
-5765.787335054766	0.985534	0.00827606
-5766.787335054766	0.987719	0.0071952
-5767.787335054766	0.989699	0.00616928
-5768.787335054766	0.991467	0.00521351
-5769.787335054766	0.993021	0.0043408
-5770.787335054766	0.994365	0.00356074
-5771.787335054766	0.995505	0.00287864
-5772.787335054766	0.996457	0.00229526
-5773.787335054766	0.997237	0.00180692
-5774.787335054766	0.997867	0.00140637
-5775.787335054766	0.998366	0.00108382
-5776.787335054766	0.998758	0.000828301
-5777.787335054766	0.999061	0.000628673
-5778.787335054766	0.999293	0.000474514
-5779.787335054766	0.99947	0.000356584
-5780.787335054766	0.999604	0.000267042
-5781.787335054766	0.999704	0.000199455
-5782.787335054766	0.99978	0.000148672
-5783.787335054766	0.999836	0.000110649
-5784.787335054766	0.999878	0.0000822539
-5785.787335054766	0.99991	0.0000610923