t	Ns	Ni	Dead_pi_0.0062	A	LogRS	Rt	DiscHealthCost	DiscTotalCost
0.	0.999922	0.0000527028	51.0309	0.614904	0.158822	1.17204	0.182435	12.6289
1.	0.999913	0.0000540096	66.5311	0.6146	0.157836	1.17087	0.18659	12.6318
2.	0.999904	0.0000553397	82.4143	0.614298	0.156852	1.16971	0.190808	12.6346
3.	0.999895	0.000056693	98.6873	0.613996	0.15587	1.16855	0.195089	12.6374
4.	0.999885	0.0000580699	115.357	0.613696	0.15489	1.16739	0.199433	12.6402
5.	0.999875	0.0000594704	132.43	0.613395	0.153911	1.16624	0.203841	12.6431
6.	0.999865	0.0000608946	149.913	0.613096	0.152935	1.16509	0.208311	12.6459
7.	0.999855	0.0000623428	167.814	0.612797	0.15196	1.16395	0.212845	12.6486
8.	0.999845	0.0000638149	186.138	0.6125	0.150988	1.1628	0.217441	12.6514
9.	0.999834	0.0000653112	204.894	0.612203	0.150018	1.16166	0.222101	12.6542
10.	0.999823	0.0000668316	224.088	0.611906	0.14905	1.16053	0.226824	12.6569
11.	0.999812	0.0000683764	243.728	0.611611	0.148085	1.15939	0.231609	12.6597
12.	0.9998	0.0000699456	263.819	0.611316	0.147121	1.15826	0.236458	12.6624
13.	0.999789	0.0000715392	284.37	0.611023	0.14616	1.15714	0.241368	12.6651
14.	0.999777	0.0000731574	305.388	0.61073	0.145201	1.15601	0.246342	12.6677
15.	0.999764	0.0000748003	326.879	0.610438	0.144245	1.15489	0.251377	12.6704
16.	0.999752	0.0000764678	348.852	0.610147	0.143291	1.15378	0.256475	12.673
17.	0.999739	0.00007816	371.312	0.609857	0.142339	1.15267	0.261634	12.6757
18.	0.999726	0.0000798771	394.267	0.609567	0.14139	1.15156	0.266855	12.6783
19.	0.999713	0.0000816189	417.725	0.609279	0.140443	1.15045	0.272137	12.6808
20.	0.999699	0.0000833856	441.693	0.608991	0.139499	1.14935	0.277479	12.6834
21.	0.999686	0.0000851772	466.177	0.608705	0.138558	1.14826	0.282882	12.6859
22.	0.999671	0.0000869936	491.185	0.608419	0.137619	1.14716	0.288346	12.6884
23.	0.999657	0.0000888349	516.725	0.608134	0.136683	1.14607	0.293869	12.6909
24.	0.999642	0.0000907011	542.803	0.607851	0.13575	1.14499	0.299451	12.6934
25.	0.999627	0.0000925921	569.427	0.607568	0.134819	1.1439	0.305092	12.6958
26.	0.999612	0.000094508	596.604	0.607286	0.133891	1.14283	0.310791	12.6982
27.	0.999597	0.0000964487	624.342	0.607005	0.132966	1.14175	0.316548	12.7005
28.	0.999581	0.0000984142	652.646	0.606725	0.132044	1.14068	0.322362	12.7029
29.	0.999564	0.000100404	681.525	0.606447	0.131125	1.13961	0.328233	12.7051
30.	0.999548	0.000102419	710.986	0.606169	0.130209	1.13855	0.33416	12.7074
31.	0.999531	0.000104459	741.036	0.605892	0.129296	1.13749	0.340142	12.7096
32.	0.999514	0.000106523	771.682	0.605616	0.128385	1.13644	0.34618	12.7118
33.	0.999497	0.000108611	802.932	0.605342	0.127478	1.13539	0.352271	12.714
34.	0.999479	0.000110724	834.791	0.605068	0.126574	1.13434	0.358416	12.7161
35.	0.999461	0.000112861	867.268	0.604796	0.125673	1.1333	0.364614	12.7181
36.	0.999442	0.000115022	900.369	0.604524	0.124776	1.13226	0.370864	12.7202
37.	0.999423	0.000117208	934.101	0.604254	0.123881	1.13123	0.377166	12.7221
38.	0.999404	0.000119417	968.472	0.603985	0.12299	1.1302	0.383517	12.7241
39.	0.999385	0.00012165	1003.49	0.603717	0.122102	1.12917	0.389919	12.726
40.	0.999365	0.000123907	1039.16	0.60345	0.121217	1.12815	0.39637	12.7278
41.	0.999345	0.000126187	1075.48	0.603184	0.120336	1.12714	0.402868	12.7296
42.	0.999324	0.00012849	1112.48	0.602919	0.119458	1.12612	0.409414	12.7314
43.	0.999304	0.000130817	1150.14	0.602656	0.118583	1.12512	0.416006	12.7331
44.	0.999282	0.000133167	1188.49	0.602393	0.117712	1.12411	0.422644	12.7347
45.	0.999261	0.000135539	1227.52	0.602132	0.116845	1.12311	0.429326	12.7363
46.	0.999239	0.000137934	1267.24	0.601872	0.11598	1.12212	0.436051	12.7378
47.	0.999217	0.000140352	1307.66	0.601613	0.11512	1.12113	0.442819	12.7393
48.	0.999194	0.000142791	1348.79	0.601355	0.114263	1.12014	0.449629	12.7407
49.	0.999171	0.000145253	1390.63	0.601099	0.11341	1.11916	0.456479	12.7421
50.	0.999148	0.000147737	1433.19	0.600843	0.11256	1.11819	0.463369	12.7434
51.	0.999124	0.000150242	1476.47	0.600589	0.111714	1.11721	0.470298	12.7446
52.	0.9991	0.000152768	1520.49	0.600336	0.110872	1.11625	0.477264	12.7458
53.	0.999075	0.000155316	1565.24	0.600085	0.110033	1.11528	0.484266	12.7469
54.	0.99905	0.000157884	1610.73	0.599834	0.109199	1.11432	0.491303	12.748
55.	0.999025	0.000160473	1656.98	0.599585	0.108368	1.11337	0.498375	12.749
56.	0.998999	0.000163082	1703.97	0.599337	0.107541	1.11242	0.50548	12.7499
57.	0.998973	0.000165711	1751.73	0.599091	0.106717	1.11148	0.512617	12.7507
58.	0.998946	0.00016836	1800.26	0.598845	0.105898	1.11054	0.519784	12.7515
59.	0.998919	0.000171028	1849.56	0.598601	0.105083	1.1096	0.526982	12.7522
60.	0.998892	0.000173715	1899.63	0.598358	0.104271	1.10867	0.534207	12.7528
61.	0.998864	0.000176421	1950.49	0.598117	0.103464	1.10775	0.54146	12.7533
62.	0.998836	0.000179146	2002.14	0.597877	0.10266	1.10683	0.548739	12.7538
63.	0.998808	0.000181889	2054.58	0.597638	0.101861	1.10591	0.556043	12.7542
64.	0.998779	0.00018465	2107.82	0.5974	0.101065	1.105	0.563371	12.7545
65.	0.998749	0.000187428	2161.87	0.597164	0.100274	1.10409	0.570721	12.7547
66.	0.99872	0.000190224	2216.73	0.596929	0.0994865	1.10319	0.578092	12.7548
67.	0.99869	0.000193037	2272.4	0.596695	0.0987034	1.10229	0.585484	12.7549
68.	0.998659	0.000195866	2328.89	0.596463	0.0979244	1.1014	0.592894	12.7549
69.	0.998628	0.000198711	2386.2	0.596231	0.0971496	1.10051	0.600321	12.7548
70.	0.998596	0.000201572	2444.35	0.596002	0.0963789	1.09963	0.607765	12.7546
71.	0.998565	0.000204449	2503.32	0.595773	0.0956124	1.09875	0.615224	12.7543
72.	0.998532	0.000207341	2563.14	0.595546	0.0948502	1.09788	0.622696	12.7539
73.	0.9985	0.000210247	2623.8	0.595321	0.0940922	1.09701	0.630181	12.7534
74.	0.998466	0.000213168	2685.3	0.595096	0.0933385	1.09615	0.637676	12.7528
75.	0.998433	0.000216103	2747.65	0.594873	0.092589	1.09529	0.645182	12.7522
76.	0.998399	0.000219052	2810.86	0.594652	0.0918439	1.09444	0.652697	12.7514
77.	0.998364	0.000222013	2874.93	0.594432	0.0911032	1.09359	0.660218	12.7506
78.	0.998329	0.000224988	2939.86	0.594213	0.0903667	1.09275	0.667746	12.7496
79.	0.998294	0.000227975	3005.66	0.593995	0.0896346	1.09191	0.675278	12.7486
80.	0.998258	0.000230975	3072.32	0.593779	0.0889069	1.09108	0.682814	12.7474
81.	0.998222	0.000233985	3139.86	0.593565	0.0881836	1.09025	0.690351	12.7461
82.	0.998185	0.000237008	3208.28	0.593351	0.0874647	1.08942	0.69789	12.7448
83.	0.998148	0.000240041	3277.57	0.593139	0.0867501	1.0886	0.705428	12.7433
84.	0.998111	0.000243084	3347.75	0.592929	0.0860401	1.08779	0.712965	12.7418
85.	0.998073	0.000246138	3418.81	0.59272	0.0853345	1.08698	0.720499	12.7401
86.	0.998034	0.000249201	3490.76	0.592512	0.0846334	1.08618	0.728028	12.7383
87.	0.997995	0.000252274	3563.6	0.592306	0.0839367	1.08538	0.735552	12.7364
88.	0.997956	0.000255355	3637.34	0.592101	0.0832444	1.08459	0.743069	12.7344
89.	0.997916	0.000258445	3711.97	0.591897	0.0825568	1.0838	0.750578	12.7323
90.	0.997876	0.000261543	3787.5	0.591695	0.0818736	1.08301	0.758078	12.7301
91.	0.997835	0.000264648	3863.94	0.591494	0.0811949	1.08223	0.765567	12.7277
92.	0.997794	0.000267761	3941.27	0.591295	0.0805208	1.08146	0.773044	12.7253
93.	0.997753	0.00027088	4019.51	0.591097	0.0798512	1.08069	0.780509	12.7227
94.	0.997711	0.000274005	4098.66	0.5909	0.0791861	1.07993	0.787959	12.7201
95.	0.997668	0.000277137	4178.72	0.590705	0.0785256	1.07917	0.795394	12.7173
96.	0.997625	0.000280274	4259.69	0.590511	0.0778697	1.07841	0.802812	12.7143
97.	0.997582	0.000283416	4341.57	0.590319	0.0772183	1.07767	0.810213	12.7113
98.	0.997538	0.000286563	4424.36	0.590128	0.0765715	1.07692	0.817594	12.7082
99.	0.997493	0.000289714	4508.07	0.589939	0.0759293	1.07618	0.824955	12.7049
100.	0.997449	0.000292869	4592.69	0.589751	0.0752916	1.07545	0.832295	12.7015
101.	0.997404	0.000296027	4678.24	0.589564	0.0746585	1.07472	0.839613	12.698
102.	0.997358	0.000299188	4764.69	0.589379	0.0740301	1.07399	0.846907	12.6944
103.	0.997312	0.000302352	4852.07	0.589195	0.0734062	1.07327	0.854176	12.6906
104.	0.997265	0.000305518	4940.37	0.589013	0.0727869	1.07256	0.861419	12.6867
105.	0.997218	0.000308686	5029.59	0.588832	0.0721722	1.07185	0.868635	12.6827
106.	0.997171	0.000311855	5119.73	0.588652	0.0715621	1.07115	0.875824	12.6786
107.	0.997123	0.000315025	5210.78	0.588474	0.0709567	1.07045	0.882983	12.6743
108.	0.997074	0.000318195	5302.76	0.588297	0.0703558	1.06975	0.890112	12.6699
109.	0.997025	0.000321366	5395.66	0.588122	0.0697595	1.06906	0.89721	12.6654
110.	0.996976	0.000324536	5489.49	0.587948	0.0691678	1.06838	0.904275	12.6608
111.	0.996926	0.000327706	5584.23	0.587775	0.0685808	1.0677	0.911307	12.656
112.	0.996876	0.000330874	5679.89	0.587604	0.0679983	1.06702	0.918306	12.6511
113.	0.996825	0.000334042	5776.48	0.587434	0.0674204	1.06635	0.925268	12.6461
114.	0.996774	0.000337207	5873.98	0.587266	0.0668472	1.06568	0.932195	12.641
115.	0.996723	0.00034037	5972.4	0.587099	0.0662785	1.06502	0.939085	12.6357
116.	0.996671	0.00034353	6071.74	0.586933	0.0657144	1.06437	0.945936	12.6303
117.	0.996618	0.000346687	6172.	0.586769	0.0651549	1.06371	0.952749	12.6248
118.	0.996565	0.000349841	6273.18	0.586606	0.0646	1.06307	0.959521	12.6191
119.	0.996512	0.000352991	6375.27	0.586445	0.0640496	1.06243	0.966253	12.6133
120.	0.996458	0.000356137	6478.28	0.586285	0.0635039	1.06179	0.972943	12.6074
121.	0.996404	0.000359278	6582.2	0.586126	0.0629627	1.06116	0.979591	12.6013
122.	0.996349	0.000362415	6687.03	0.585969	0.062426	1.06053	0.986195	12.5951
123.	0.996294	0.000365546	6792.77	0.585813	0.0618939	1.05991	0.992755	12.5888
124.	0.996239	0.000368671	6899.42	0.585659	0.0613664	1.05929	0.99927	12.5823
125.	0.996183	0.000371791	7006.98	0.585506	0.0608434	1.05868	1.00574	12.5757
126.	0.996126	0.000374904	7115.44	0.585354	0.0603248	1.05807	1.01216	12.569
127.	0.996069	0.000378011	7224.81	0.585204	0.0598109	1.05746	1.01854	12.5622
128.	0.996012	0.00038111	7335.07	0.585054	0.0593015	1.05686	1.02487	12.5552
129.	0.995954	0.000384202	7446.24	0.584907	0.0587965	1.05627	1.03115	12.5481
130.	0.995896	0.000387287	7558.31	0.58476	0.058296	1.05568	1.03738	12.5408
131.	0.995837	0.000390363	7671.27	0.584615	0.0578001	1.05509	1.04356	12.5334
132.	0.995778	0.000393431	7785.12	0.584472	0.0573086	1.05451	1.04968	12.5259
133.	0.995719	0.000396491	7899.86	0.584329	0.0568216	1.05394	1.05576	12.5183
134.	0.995659	0.000399541	8015.49	0.584189	0.056339	1.05336	1.06179	12.5105
135.	0.995599	0.000402582	8132.	0.584049	0.0558608	1.0528	1.06776	12.5026
136.	0.995538	0.000405614	8249.4	0.583911	0.0553871	1.05223	1.07368	12.4945
137.	0.995477	0.000408635	8367.68	0.583774	0.0549178	1.05168	1.07955	12.4863
138.	0.995415	0.000411647	8486.83	0.583638	0.0544529	1.05112	1.08536	12.478
139.	0.995353	0.000414648	8606.85	0.583503	0.0539924	1.05057	1.09112	12.4696
140.	0.995291	0.000417638	8727.75	0.58337	0.0535363	1.05003	1.09682	12.461
141.	0.995228	0.000420617	8849.51	0.583239	0.0530845	1.04949	1.10247	12.4523
142.	0.995164	0.000423585	8972.14	0.583108	0.0526371	1.04895	1.10806	12.4435
143.	0.995101	0.000426541	9095.63	0.582979	0.052194	1.04842	1.1136	12.4345
144.	0.995037	0.000429486	9219.97	0.582851	0.0517552	1.04789	1.11907	12.4254
145.	0.994972	0.000432418	9345.17	0.582725	0.0513208	1.04737	1.12449	12.4162
146.	0.994907	0.000435338	9471.22	0.582599	0.0508906	1.04685	1.12986	12.4069
147.	0.994842	0.000438245	9598.11	0.582475	0.0504647	1.04633	1.13516	12.3974
148.	0.994776	0.000441139	9725.85	0.582352	0.0500431	1.04582	1.1404	12.3878
149.	0.99471	0.000444021	9854.42	0.582231	0.0496257	1.04532	1.14559	12.378
150.	0.994644	0.000446889	9983.83	0.582111	0.0492125	1.04482	1.15072	12.3682
151.	0.994577	0.000449743	10114.1	0.581992	0.0488036	1.04432	1.15579	12.3582
152.	0.994509	0.000452584	10245.1	0.581874	0.0483988	1.04383	1.16079	12.348
153.	0.994442	0.00045541	10377.	0.581757	0.0479982	1.04334	1.16574	12.3378
154.	0.994374	0.000458222	10509.8	0.581642	0.0476018	1.04285	1.17063	12.3274
155.	0.994305	0.00046102	10643.3	0.581528	0.0472095	1.04237	1.17546	12.3169
156.	0.994236	0.000463804	10777.6	0.581415	0.0468213	1.04189	1.18022	12.3063
157.	0.994167	0.000466572	10912.8	0.581303	0.0464373	1.04142	1.18493	12.2956
158.	0.994098	0.000469325	11048.7	0.581193	0.0460573	1.04095	1.18957	12.2847
159.	0.994028	0.000472063	11185.5	0.581084	0.0456814	1.04049	1.19415	12.2737
160.	0.993957	0.000474786	11323.	0.580976	0.0453095	1.04003	1.19867	12.2626
161.	0.993887	0.000477493	11461.3	0.580869	0.0449417	1.03957	1.20313	12.2513
162.	0.993815	0.000480185	11600.4	0.580763	0.0445779	1.03912	1.20753	12.24
163.	0.993744	0.00048286	11740.3	0.580659	0.044218	1.03867	1.21187	12.2285
164.	0.993672	0.00048552	11881.	0.580555	0.0438622	1.03823	1.21614	12.2169
165.	0.9936	0.000488163	12022.4	0.580453	0.0435103	1.03779	1.22035	12.2052
166.	0.993527	0.00049079	12164.6	0.580352	0.0431623	1.03735	1.2245	12.1934
167.	0.993454	0.000493401	12307.6	0.580252	0.0428182	1.03692	1.22859	12.1814
168.	0.993381	0.000495994	12451.3	0.580154	0.0424781	1.03649	1.23261	12.1693
169.	0.993308	0.000498571	12595.8	0.580056	0.0421418	1.03606	1.23657	12.1571
170.	0.993234	0.000501131	12741.	0.57996	0.0418093	1.03564	1.24047	12.1448
171.	0.993159	0.000503674	12886.9	0.579865	0.0414807	1.03522	1.24431	12.1324
172.	0.993085	0.0005062	13033.6	0.57977	0.0411559	1.03481	1.24809	12.1199
173.	0.99301	0.000508708	13181.	0.579677	0.0408349	1.0344	1.2518	12.1073
174.	0.992934	0.0005112	13329.2	0.579585	0.0405176	1.03399	1.25545	12.0945
175.	0.992859	0.000513673	13478.1	0.579495	0.0402041	1.03359	1.25904	12.0816
176.	0.992783	0.000516129	13627.6	0.579405	0.0398943	1.03319	1.26257	12.0687
177.	0.992706	0.000518567	13777.9	0.579316	0.0395883	1.03279	1.26603	12.0556
178.	0.99263	0.000520988	13929.	0.579229	0.0392859	1.0324	1.26943	12.0424
179.	0.992553	0.000523391	14080.7	0.579142	0.0389871	1.03201	1.27277	12.0291
180.	0.992475	0.000525775	14233.1	0.579057	0.038692	1.03163	1.27605	12.0157
181.	0.992398	0.000528142	14386.1	0.578972	0.0384006	1.03125	1.27927	12.0021
182.	0.99232	0.00053049	14539.9	0.578889	0.0381127	1.03087	1.28243	11.9885
183.	0.992241	0.000532821	14694.4	0.578807	0.0378283	1.0305	1.28552	11.9748
184.	0.992163	0.000535133	14849.5	0.578725	0.0375476	1.03012	1.28856	11.961
185.	0.992084	0.000537427	15005.3	0.578645	0.0372704	1.02976	1.29153	11.947
186.	0.992005	0.000539702	15161.8	0.578566	0.0369966	1.02939	1.29444	11.933
187.	0.991925	0.000541959	15318.9	0.578488	0.0367264	1.02903	1.29729	11.9189
188.	0.991845	0.000544197	15476.7	0.578411	0.0364596	1.02867	1.30009	11.9046
189.	0.991765	0.000546417	15635.1	0.578334	0.0361963	1.02832	1.30282	11.8903
190.	0.991685	0.000548619	15794.1	0.578259	0.0359364	1.02797	1.30549	11.8759
191.	0.991604	0.000550802	15953.8	0.578185	0.0356799	1.02762	1.3081	11.8614
192.	0.991523	0.000552966	16114.2	0.578112	0.0354267	1.02728	1.31065	11.8467
193.	0.991442	0.000555112	16275.1	0.57804	0.0351769	1.02694	1.31314	11.832
194.	0.99136	0.000557238	16436.7	0.577969	0.0349305	1.0266	1.31558	11.8172
195.	0.991278	0.000559347	16598.9	0.577898	0.0346873	1.02627	1.31795	11.8023
196.	0.991196	0.000561436	16761.7	0.577829	0.0344474	1.02594	1.32027	11.7873
197.	0.991114	0.000563507	16925.1	0.577761	0.0342108	1.02561	1.32253	11.7722
198.	0.991031	0.000565559	17089.1	0.577693	0.0339774	1.02528	1.32473	11.7571
199.	0.990948	0.000567592	17253.7	0.577627	0.0337473	1.02496	1.32687	11.7418
200.	0.990865	0.000569607	17418.9	0.577561	0.0335203	1.02464	1.32896	11.7264
201.	0.990781	0.000571603	17584.7	0.577497	0.0332965	1.02433	1.33098	11.711
202.	0.990698	0.00057358	17751.	0.577433	0.0330759	1.02401	1.33296	11.6955
203.	0.990614	0.000575538	17917.9	0.57737	0.0328583	1.0237	1.33487	11.6799
204.	0.990529	0.000577478	18085.4	0.577308	0.0326439	1.0234	1.33673	11.6642
205.	0.990445	0.000579398	18253.5	0.577247	0.0324326	1.02309	1.33853	11.6484
206.	0.99036	0.000581301	18422.1	0.577187	0.0322243	1.02279	1.34028	11.6326
207.	0.990275	0.000583184	18591.2	0.577128	0.0320191	1.0225	1.34197	11.6166
208.	0.990189	0.000585049	18760.9	0.577069	0.0318168	1.0222	1.34361	11.6006
209.	0.990104	0.000586895	18931.1	0.577012	0.0316176	1.02191	1.3452	11.5845
210.	0.990018	0.000588723	19101.9	0.576955	0.436886	1.53243	1.34673	11.5683
211.	0.989884	0.000635234	19279.6	0.5769	0.436693	1.53193	1.45026	11.6541
212.	0.98974	0.000685364	19471.4	0.576845	0.436503	1.53141	1.56162	11.7476
213.	0.989584	0.000739386	19678.2	0.576791	0.436315	1.53088	1.68139	11.8495
214.	0.989416	0.000797614	19901.4	0.576737	0.436131	1.53034	1.81023	11.9603
215.	0.989235	0.000860359	20142.1	0.576685	0.435949	1.52978	1.94879	12.0807
216.	0.98904	0.000927965	20401.8	0.576633	0.43577	1.52921	2.09778	12.2114
217.	0.988829	0.0010008	20681.8	0.576583	0.435594	1.52861	2.25797	12.3532
218.	0.988602	0.00107925	20983.8	0.576533	0.43542	1.528	2.43018	12.5069
219.	0.988358	0.00116376	21309.5	0.576483	0.43525	1.52736	2.61529	12.6734
220.	0.988094	0.00125476	21660.6	0.576435	0.435082	1.52669	2.81424	12.8536
221.	0.98781	0.00135274	22039.2	0.576388	0.434917	1.526	3.02803	13.0485
222.	0.987504	0.00145824	22447.3	0.576341	0.434755	1.52528	3.25774	13.2591
223.	0.987174	0.00157179	22887.2	0.576295	0.434595	1.52453	3.5045	13.4866
224.	0.986818	0.001694	23361.4	0.576249	0.434438	1.52374	3.76954	13.7322
225.	0.986436	0.0018255	23872.4	0.576205	0.434284	1.52291	4.05415	13.9972
226.	0.986023	0.00196697	24423.1	0.576161	0.434132	1.52205	4.35973	14.283
227.	0.985579	0.00211914	25016.3	0.576118	0.433983	1.52114	4.68774	14.591
228.	0.985101	0.00228277	25655.4	0.576076	0.433836	1.52017	5.03976	14.9227
229.	0.984587	0.00245869	26343.9	0.576035	0.433692	1.51916	5.41745	15.2799
230.	0.984033	0.00264777	27085.3	0.575994	0.43355	1.51809	5.82258	15.6643
231.	0.983541	0.00275437	27869.9	0.52797	0.259436	1.27486	9.51566	29.6972
232.	0.98303	0.00286409	28686.	0.52751	0.257692	1.27198	9.87521	30.0585
233.	0.9825	0.00297694	29534.3	0.527046	0.255931	1.26906	10.2441	30.4292
234.	0.98195	0.00309294	30415.9	0.526577	0.254153	1.2661	10.6223	30.8093
235.	0.981381	0.00321209	31331.7	0.526105	0.252359	1.26309	11.0098	31.1988
236.	0.980791	0.00333439	32282.6	0.525629	0.250546	1.26005	11.4064	31.5975
237.	0.98018	0.00345983	33269.4	0.525148	0.248717	1.25696	11.8122	32.0054
238.	0.979548	0.0035884	34293.1	0.524663	0.24687	1.25383	12.227	32.4223
239.	0.978895	0.00372007	35354.7	0.524174	0.245005	1.25066	12.6507	32.8481
240.	0.978219	0.00385481	36454.9	0.523681	0.243124	1.24745	13.0831	33.2826
241.	0.977521	0.00399259	37594.7	0.523184	0.241224	1.24419	13.524	33.7257
242.	0.976799	0.00413335	38775.	0.522683	0.239308	1.2409	13.9732	34.1771
243.	0.976055	0.00427706	39996.6	0.522178	0.237374	1.23756	14.4305	34.6365
244.	0.975287	0.00442363	41260.4	0.521669	0.235423	1.23417	14.8956	35.1036
245.	0.974495	0.004573	42567.1	0.521156	0.233456	1.23075	15.3682	35.5782
246.	0.973679	0.00472508	43917.7	0.520639	0.231472	1.22728	15.8481	36.06
247.	0.972838	0.0048798	45312.8	0.520119	0.229472	1.22377	16.3347	36.5484
248.	0.971973	0.00503703	46753.2	0.519595	0.227455	1.22022	16.8278	37.0432
249.	0.971082	0.00519668	48239.7	0.519067	0.225424	1.21662	17.327	37.5439
250.	0.970166	0.00535863	49772.9	0.518536	0.223377	1.21299	17.8317	38.0501
251.	0.969225	0.00552273	51353.4	0.518002	0.221316	1.20932	18.3416	38.5611
252.	0.968258	0.00568887	52981.9	0.517465	0.219241	1.20561	18.8561	39.0766
253.	0.967265	0.00585688	54659.	0.516925	0.217152	1.20186	19.3747	39.596
254.	0.966247	0.0060266	56385.1	0.516382	0.215051	1.19807	19.8969	40.1186
255.	0.965202	0.00619788	58160.8	0.515837	0.212938	1.19425	20.422	40.6439
256.	0.964132	0.00637053	59986.4	0.515289	0.210814	1.1904	20.9496	41.1713
257.	0.963036	0.00654437	61862.3	0.51474	0.20868	1.18651	21.4788	41.7
258.	0.961913	0.0067192	63788.9	0.514188	0.206536	1.18259	22.0092	42.2295
259.	0.960765	0.00689482	65766.4	0.513635	0.204384	1.17864	22.5399	42.7589
260.	0.959591	0.00707103	67795.1	0.513081	0.202224	1.17466	23.0704	43.2877
261.	0.958392	0.00724761	69875.	0.512526	0.200058	1.17065	23.5999	43.8149
262.	0.957167	0.00742433	72006.2	0.51197	0.197887	1.16662	24.1277	44.34
263.	0.955918	0.00760097	74188.7	0.511413	0.195712	1.16256	24.6531	44.8621
264.	0.954643	0.0077773	76422.5	0.510856	0.193534	1.15849	25.1753	45.3804
265.	0.953343	0.00795307	78707.5	0.5103	0.191354	1.15439	25.6935	45.8941
266.	0.95202	0.00812804	81043.4	0.509744	0.189175	1.15028	26.2071	46.4025
267.	0.950672	0.00830198	83430.	0.509189	0.186996	1.14615	26.7151	46.9047
268.	0.949301	0.00847463	85867.	0.508635	0.18482	1.14201	27.217	47.4
269.	0.947907	0.00864575	88353.9	0.508083	0.182647	1.13786	27.7118	47.8875
270.	0.946491	0.00881509	90890.2	0.507533	0.18048	1.1337	28.1989	48.3665
271.	0.945052	0.0089824	93475.5	0.506985	0.17832	1.12953	28.6775	48.8362
272.	0.943592	0.00914745	96109.	0.50644	0.176169	1.12536	29.1469	49.2957
273.	0.942111	0.00930997	98790.2	0.505898	0.174027	1.12119	29.6063	49.7445
274.	0.94061	0.00946974	101518.	0.50536	0.171897	1.11703	30.055	50.1816
275.	0.939089	0.00962652	104292.	0.504825	0.16978	1.11286	30.4924	50.6064
276.	0.937549	0.00978009	107111.	0.504294	0.167677	1.1087	30.9178	51.0182
277.	0.935991	0.0099302	109974.	0.503769	0.165591	1.10455	31.3305	51.4164
278.	0.934416	0.0100767	112880.	0.503248	0.163523	1.10042	31.7299	51.8002
279.	0.932823	0.0102192	115829.	0.502733	0.161474	1.09629	32.1154	52.169
280.	0.931215	0.0103577	118818.	0.502223	0.159446	1.09219	32.4866	52.5224
281.	0.929591	0.010492	121846.	0.50172	0.157441	1.0881	32.8428	52.8597
282.	0.927953	0.0106218	124913.	0.501223	0.15546	1.08403	33.1835	53.1804
283.	0.926302	0.0107469	128018.	0.500734	0.153505	1.07999	33.5084	53.4841
284.	0.924638	0.0108673	131157.	0.500251	0.151577	1.07597	33.817	53.7702
285.	0.922961	0.0109828	134331.	0.499776	0.149678	1.07198	34.1089	54.0385
286.	0.921274	0.0110932	137538.	0.49931	0.147809	1.06803	34.3838	54.2886
287.	0.919577	0.0111984	140776.	0.498851	0.145972	1.0641	34.6415	54.5202
288.	0.91787	0.0112982	144044.	0.498401	0.144168	1.06021	34.8815	54.7329
289.	0.916154	0.0113927	147340.	0.49796	0.142398	1.05636	35.1038	54.9267
290.	0.914431	0.0114816	150663.	0.497529	0.140664	1.05254	35.3082	55.1012
291.	0.912702	0.011565	154011.	0.497107	0.138966	1.04877	35.4946	55.2564
292.	0.910966	0.0116428	157382.	0.496695	0.137307	1.04504	35.6628	55.3922
293.	0.909226	0.0117149	160775.	0.496293	0.135688	1.04136	35.8128	55.5086
294.	0.907481	0.0117812	164188.	0.495901	0.134108	1.03772	35.9447	55.6054
295.	0.905733	0.0118418	167620.	0.49552	0.13257	1.03413	36.0584	55.6829
296.	0.903982	0.0118967	171068.	0.495149	0.131075	1.03059	36.1541	55.741
297.	0.90223	0.0119458	174532.	0.49479	0.129623	1.0271	36.2318	55.7799
298.	0.900477	0.0119892	178008.	0.494442	0.128215	1.02366	36.2917	55.7997
299.	0.898724	0.0120268	181497.	0.494105	0.126852	1.02028	36.334	55.8007
300.	0.896972	0.0120589	184996.	0.493779	0.125534	1.01694	36.3589	55.783
301.	0.89522	0.0120852	188503.	0.493466	0.124263	1.01367	36.3667	55.7469
302.	0.893472	0.0121061	192017.	0.493164	0.123039	1.01045	36.3576	55.6928
303.	0.891726	0.0121214	195537.	0.492874	0.121862	1.00729	36.3319	55.6209
304.	0.889983	0.0121314	199060.	0.492596	0.120734	1.00419	36.2901	55.5315
305.	0.888245	0.012136	202585.	0.49233	0.119653	1.00115	36.2323	55.4252
306.	0.886512	0.0121354	206110.	0.492076	0.118622	0.998163	36.1591	55.3022
307.	0.884785	0.0121296	209635.	0.491834	0.117639	0.995239	36.0708	55.163
308.	0.883063	0.0121189	213158.	0.491604	0.116705	0.992376	35.9679	55.008
309.	0.881349	0.0121033	216676.	0.491387	0.115821	0.989573	35.8507	54.8377
310.	0.879641	0.0120829	220189.	0.491182	0.114986	0.986832	35.7198	54.6526
311.	0.877942	0.0120579	223696.	0.490989	0.1142	0.984152	35.5756	54.4532
312.	0.876251	0.0120283	227195.	0.490808	0.113464	0.981533	35.4185	54.24
313.	0.874569	0.0119945	230685.	0.49064	0.112776	0.978976	35.2491	54.0134
314.	0.872896	0.0119563	234164.	0.490483	0.112138	0.976481	35.0679	53.774
315.	0.871233	0.0119142	237631.	0.490339	0.111549	0.974046	34.8753	53.5224
316.	0.869581	0.011868	241086.	0.490206	0.111008	0.971673	34.6719	53.259
317.	0.867939	0.0118182	244527.	0.490085	0.110516	0.969361	34.4581	52.9844
318.	0.866308	0.0117646	247952.	0.489977	0.110072	0.967109	34.2344	52.6992
319.	0.864688	0.0117077	251362.	0.489879	0.109675	0.964918	34.0015	52.4038
320.	0.86308	0.0116473	254754.	0.489794	0.109325	0.962787	33.7597	52.0988
321.	0.861484	0.0115839	258129.	0.489719	0.109022	0.960716	33.5095	51.7847
322.	0.859901	0.0115174	261485.	0.489656	0.108765	0.958703	33.2515	51.4621
323.	0.858329	0.011448	264821.	0.489605	0.108553	0.956749	32.9861	51.1314
324.	0.856771	0.011376	268136.	0.489564	0.108387	0.954853	32.7139	50.7932
325.	0.855226	0.0113013	271430.	0.489534	0.108265	0.953015	32.4353	50.4481
326.	0.853694	0.0112243	274702.	0.489515	0.108186	0.951233	32.1507	50.0964
327.	0.852175	0.011145	277951.	0.489506	0.108151	0.949507	31.8606	49.7386
328.	0.850671	0.0110636	281177.	0.489508	0.108157	0.947837	31.5655	49.3753
329.	0.849179	0.0109801	284380.	0.48952	0.108206	0.946221	31.2658	49.007
330.	0.847702	0.0108949	287557.	0.489541	0.108295	0.944659	30.9619	48.634
331.	0.846239	0.0108079	290710.	0.489573	0.108424	0.94315	30.6542	48.2568
332.	0.84479	0.0107194	293837.	0.489614	0.108593	0.941694	30.3432	47.8758
333.	0.843355	0.0106294	296938.	0.489665	0.1088	0.940289	30.0291	47.4915
334.	0.841934	0.0105381	300012.	0.489725	0.109044	0.938935	29.7125	47.1043
335.	0.840528	0.0104456	303061.	0.489794	0.109325	0.93763	29.3936	46.7145
336.	0.839136	0.010352	306082.	0.489871	0.109643	0.936374	29.0729	46.3226
337.	0.837758	0.0102574	309075.	0.489958	0.109995	0.935167	28.7505	45.9289
338.	0.836395	0.010162	312041.	0.490053	0.110382	0.934006	28.427	45.5337
339.	0.835046	0.0100659	314980.	0.490155	0.110802	0.932892	28.1025	45.1373
340.	0.833712	0.00996905	317890.	0.490266	0.111255	0.931823	27.7774	44.7402
341.	0.832392	0.0098717	320772.	0.490385	0.111739	0.930798	27.4519	44.3426
342.	0.831087	0.0097739	323626.	0.490511	0.112254	0.929818	27.1264	43.9448
343.	0.829796	0.00967574	326451.	0.490645	0.112799	0.928879	26.801	43.5471
344.	0.828519	0.00957731	329247.	0.490786	0.113373	0.927983	26.4761	43.1498
345.	0.827256	0.0094787	332015.	0.490934	0.113976	0.927127	26.1519	42.7531
346.	0.826008	0.00937998	334755.	0.491089	0.114606	0.926311	25.8285	42.3573
347.	0.824774	0.00928124	337465.	0.49125	0.115262	0.925534	25.5062	41.9625
348.	0.823554	0.00918254	340147.	0.491417	0.115944	0.924796	25.1853	41.5691
349.	0.822348	0.00908396	342801.	0.491591	0.116651	0.924094	24.8658	41.1771
350.	0.821155	0.00898556	345425.	0.491771	0.117382	0.923429	24.548	40.7869
351.	0.819977	0.0088874	348022.	0.491956	0.118136	0.9228	24.232	40.3986
352.	0.818812	0.00878955	350589.	0.492147	0.118913	0.922205	23.9179	40.0123
353.	0.817661	0.00869205	353129.	0.492344	0.119711	0.921643	23.606	39.6283
354.	0.816523	0.00859497	355640.	0.492545	0.12053	0.921115	23.2964	39.2467
355.	0.815399	0.00849835	358123.	0.492752	0.121369	0.920619	22.9891	38.8676
356.	0.814288	0.00840224	360578.	0.492963	0.122227	0.920154	22.6843	38.4911
357.	0.81319	0.00830668	363005.	0.49318	0.123103	0.919719	22.3821	38.1174
358.	0.812105	0.00821172	365404.	0.4934	0.123998	0.919314	22.0826	37.7466
359.	0.811033	0.00811739	367776.	0.493625	0.124909	0.918937	21.786	37.3788
360.	0.809974	0.00802373	370121.	0.493854	0.125837	0.918589	21.4921	37.0141
361.	0.808927	0.00793077	372438.	0.494087	0.126781	0.918268	21.2013	36.6525
362.	0.807893	0.00783854	374729.	0.494324	0.127739	0.917973	20.9134	36.2942
363.	0.806871	0.00774707	376992.	0.494564	0.128711	0.917704	20.6287	35.9392
364.	0.805862	0.00765639	379230.	0.494808	0.129697	0.91746	20.347	35.5876
365.	0.804864	0.00756652	381441.	0.495056	0.130696	0.917241	20.0686	35.2395
366.	0.803879	0.00747748	383626.	0.495306	0.131708	0.917044	19.7933	34.8949
367.	0.802905	0.0073893	385786.	0.495559	0.132731	0.916871	19.5213	34.5538
368.	0.801943	0.00730198	387920.	0.495816	0.133765	0.91672	19.2527	34.2163
369.	0.800992	0.00721556	390029.	0.496075	0.134809	0.91659	18.9873	33.8824
370.	0.800053	0.00713003	392112.	0.496336	0.135864	0.916481	18.7253	33.5521
371.	0.799125	0.00704542	394171.	0.4966	0.136927	0.916393	18.4666	33.2256
372.	0.798208	0.00696174	396206.	0.496867	0.138	0.916323	18.2113	32.9027
373.	0.797303	0.00687899	398216.	0.497135	0.13908	0.916273	17.9594	32.5836
374.	0.796407	0.00679718	400203.	0.497406	0.140169	0.916241	17.7108	32.2681
375.	0.795523	0.00671632	402166.	0.497678	0.141264	0.916227	17.4657	31.9564
376.	0.794649	0.00663643	404105.	0.497953	0.142367	0.91623	17.2239	31.6484
377.	0.793786	0.00655749	406022.	0.498229	0.143475	0.91625	16.9855	31.3442
378.	0.792933	0.00647951	407916.	0.498506	0.14459	0.916285	16.7504	31.0436
379.	0.792089	0.00640251	409787.	0.498786	0.145709	0.916336	16.5187	30.7468
380.	0.791256	0.00632647	411636.	0.499066	0.146834	0.916402	16.2904	30.4537
381.	0.790433	0.0062514	413463.	0.499348	0.147963	0.916483	16.0654	30.1643
382.	0.789619	0.0061773	415268.	0.499631	0.149096	0.916577	15.8436	29.8785
383.	0.788815	0.00610416	417052.	0.499915	0.150232	0.916685	15.6252	29.5964
384.	0.78802	0.00603199	418815.	0.5002	0.151372	0.916806	15.41	29.318
385.	0.787235	0.00596078	420557.	0.500486	0.152515	0.91694	15.1981	29.0432
386.	0.786459	0.00589053	422278.	0.500772	0.15366	0.917085	14.9894	28.7719
387.	0.785692	0.00582124	423980.	0.50106	0.154807	0.917242	14.7839	28.5043
388.	0.784933	0.00575289	425661.	0.501348	0.155956	0.91741	14.5815	28.2401
389.	0.784184	0.00568548	427322.	0.501636	0.157107	0.917589	14.3823	27.9795
390.	0.783443	0.00561902	428964.	0.501925	0.158259	0.917779	14.1861	27.7224
391.	0.78271	0.00555348	430587.	0.502214	0.159411	0.917978	13.993	27.4687
392.	0.781986	0.00548887	432191.	0.502504	0.160564	0.918187	13.803	27.2185
393.	0.78127	0.00542517	433776.	0.502794	0.161718	0.918405	13.6159	26.9716
394.	0.780562	0.00536239	435343.	0.503084	0.162871	0.918632	13.4318	26.7281
395.	0.779863	0.00530051	436892.	0.503374	0.164024	0.918867	13.2506	26.4879
396.	0.779171	0.00523952	438423.	0.503664	0.165176	0.919111	13.0724	26.251
397.	0.778487	0.00517941	439937.	0.503954	0.166328	0.919362	12.8969	26.0173
398.	0.77781	0.00512018	441433.	0.504244	0.167479	0.919621	12.7243	25.7868
399.	0.777141	0.00506182	442912.	0.504534	0.168628	0.919887	12.5545	25.5595
400.	0.77648	0.00500432	444374.	0.504824	0.169776	0.920159	12.3874	25.3353
401.	0.775826	0.00494766	445819.	0.505113	0.170922	0.920438	12.223	25.1142
402.	0.775179	0.00489184	447249.	0.505402	0.172067	0.920724	12.0613	24.8962
403.	0.774539	0.00483686	448662.	0.505691	0.173209	0.921015	11.9023	24.6811
404.	0.773906	0.00478269	450059.	0.505979	0.174349	0.921312	11.7458	24.4691
405.	0.77328	0.00472933	451441.	0.506267	0.175486	0.921614	11.5918	24.26
406.	0.77266	0.00467677	452807.	0.506555	0.176621	0.921922	11.4404	24.0537
407.	0.772048	0.004625	454158.	0.506841	0.177753	0.922234	11.2915	23.8504
408.	0.771442	0.004574	455494.	0.507128	0.178882	0.922551	11.145	23.6498
409.	0.770842	0.00452378	456816.	0.507413	0.180008	0.922873	11.0009	23.452
410.	0.770249	0.00447431	458123.	0.507698	0.18113	0.923198	10.8591	23.257
411.	0.769662	0.00442559	459416.	0.507982	0.18225	0.923528	10.7197	23.0647
412.	0.769081	0.00437761	460694.	0.508266	0.183365	0.923861	10.5826	22.875
413.	0.768506	0.00433036	461959.	0.508548	0.184477	0.924198	10.4478	22.6879
414.	0.767938	0.00428382	463211.	0.50883	0.185586	0.924538	10.3151	22.5034
415.	0.767375	0.00423799	464448.	0.509111	0.18669	0.924881	10.1846	22.3215
416.	0.766818	0.00419286	465673.	0.509392	0.18779	0.925227	10.0563	22.1421
417.	0.766266	0.00414842	466885.	0.509671	0.188887	0.925576	9.93012	21.9651
418.	0.765721	0.00410465	468083.	0.509949	0.189979	0.925928	9.80599	21.7906
419.	0.76518	0.00406154	469270.	0.510227	0.191067	0.926282	9.68389	21.6184
420.	0.764646	0.0040191	470443.	0.510503	0.19215	0.926638	9.5638	21.4487
421.	0.764116	0.0039773	471605.	0.510779	0.193229	0.926996	9.44569	21.2812
422.	0.763592	0.00393613	472754.	0.511053	0.194303	0.927356	9.32951	21.116
423.	0.763073	0.0038956	473892.	0.511326	0.195373	0.927717	9.21523	20.9531
424.	0.76256	0.00385568	475018.	0.511599	0.196438	0.928081	9.10282	20.7924
425.	0.762051	0.00381637	476132.	0.51187	0.197498	0.928446	8.99226	20.6338
426.	0.761547	0.00377765	477235.	0.51214	0.198554	0.928812	8.8835	20.4774
427.	0.761048	0.00373953	478327.	0.512409	0.199604	0.929179	8.77651	20.3231
428.	0.760554	0.00370198	479408.	0.512677	0.20065	0.929547	8.67127	20.1709
429.	0.760065	0.00366501	480478.	0.512944	0.201691	0.929917	8.56775	20.0207
430.	0.759581	0.00362859	481538.	0.51321	0.202726	0.930287	8.4659	19.8726
431.	0.759101	0.00359273	482587.	0.513474	0.203757	0.930657	8.36571	19.7264
432.	0.758625	0.00355741	483625.	0.513738	0.204782	0.931029	8.26715	19.5821
433.	0.758154	0.00352262	484654.	0.514	0.205802	0.931401	8.17017	19.4398
434.	0.757688	0.00348836	485672.	0.514261	0.206818	0.931773	8.07477	19.2994
435.	0.757226	0.00345462	486680.	0.51452	0.207827	0.932145	7.9809	19.1608
436.	0.756768	0.00342139	487679.	0.514779	0.208832	0.932518	7.88855	19.024
437.	0.756314	0.00338865	488668.	0.515036	0.209831	0.932891	7.79768	18.889
438.	0.755865	0.00335641	489648.	0.515292	0.210825	0.933263	7.70826	18.7558
439.	0.755419	0.00332465	490619.	0.515547	0.211814	0.933636	7.62028	18.6243
440.	0.754978	0.00329337	491580.	0.515801	0.212797	0.934009	7.5337	18.4945
441.	0.75454	0.00326255	492532.	0.516053	0.213775	0.934381	7.4485	18.3664
442.	0.754107	0.0032322	493476.	0.516304	0.214748	0.934753	7.36466	18.24
443.	0.753677	0.00320229	494410.	0.516554	0.215715	0.935124	7.28215	18.1151
444.	0.753251	0.00317284	495336.	0.516802	0.216677	0.935495	7.20094	17.9919
445.	0.752829	0.00314382	496254.	0.517049	0.217634	0.935865	7.12102	17.8702
446.	0.75241	0.00311523	497163.	0.517295	0.218585	0.936235	7.04235	17.7501
447.	0.751996	0.00308706	498064.	0.51754	0.21953	0.936604	6.96492	17.6315
448.	0.751584	0.00305931	498957.	0.517783	0.220471	0.936973	6.88871	17.5144
449.	0.751177	0.00303196	499842.	0.518025	0.221405	0.93734	6.81369	17.3987
450.	0.750772	0.00300502	500718.	0.518266	0.222335	0.937707	6.73984	17.2845
451.	0.750371	0.00297848	501588.	0.518506	0.223259	0.938072	6.66713	17.1717
452.	0.749974	0.00295232	502449.	0.518744	0.224177	0.938437	6.59556	17.0604
453.	0.74958	0.00292655	503303.	0.518981	0.225091	0.938801	6.5251	16.9503
454.	0.749189	0.00290115	504149.	0.519216	0.225998	0.939164	6.45572	16.8417
455.	0.748801	0.00287612	504989.	0.519451	0.226901	0.939525	6.38741	16.7344
456.	0.748417	0.00285145	505821.	0.519684	0.227798	0.939886	6.32015	16.6283
457.	0.748036	0.00282714	506645.	0.519916	0.22869	0.940245	6.25391	16.5236
458.	0.747657	0.00280318	507463.	0.520146	0.229576	0.940603	6.18869	16.4201
459.	0.747282	0.00277957	508274.	0.520375	0.230457	0.940959	6.12447	16.3179
460.	0.74691	0.00275629	509078.	0.520603	0.231333	0.941315	6.06121	16.2169
461.	0.746541	0.00273335	509876.	0.52083	0.232203	0.941669	5.99892	16.1171
462.	0.746175	0.00271073	510667.	0.521055	0.233068	0.942021	5.93756	16.0185
463.	0.745811	0.00268844	511451.	0.521279	0.233928	0.942372	5.87713	15.921
464.	0.745451	0.00266647	512229.	0.521502	0.234782	0.942722	5.8176	15.8247
465.	0.745093	0.0026448	513000.	0.521723	0.235632	0.94307	5.75897	15.7296
466.	0.744738	0.00262345	513765.	0.521944	0.236476	0.943417	5.7012	15.6355
467.	0.744386	0.00260239	514524.	0.522163	0.237315	0.943762	5.6443	15.5425
468.	0.744036	0.00258163	515277.	0.52238	0.238148	0.944106	5.58824	15.4506
469.	0.74369	0.00256116	516024.	0.522597	0.238977	0.944448	5.533	15.3598
470.	0.743345	0.00254098	516766.	0.522812	0.2398	0.944788	5.47858	15.27
471.	0.743004	0.00252108	517501.	0.523026	0.240618	0.945127	5.42496	15.1812
472.	0.742665	0.00250145	518230.	0.523239	0.241432	0.945464	5.37212	15.0934
473.	0.742328	0.0024821	518954.	0.52345	0.24224	0.9458	5.32006	15.0066
474.	0.741994	0.00246301	519673.	0.52366	0.243043	0.946134	5.26875	14.9208
475.	0.741662	0.00244419	520385.	0.523869	0.243841	0.946466	5.21818	14.836
476.	0.741333	0.00242562	521093.	0.524077	0.244634	0.946796	5.16834	14.7521
477.	0.741006	0.00240731	521795.	0.524284	0.245422	0.947125	5.11922	14.6691
478.	0.740681	0.00238926	522492.	0.524489	0.246205	0.947452	5.0708	14.587
479.	0.740359	0.00237144	523183.	0.524693	0.246984	0.947777	5.02308	14.5059
480.	0.740039	0.00235387	523869.	0.524896	0.247757	0.9481	4.97603	14.4256
481.	0.739722	0.00233654	524551.	0.525098	0.248525	0.948422	4.92965	14.3462
482.	0.739406	0.00231944	525227.	0.525298	0.249289	0.948741	4.88393	14.2676
483.	0.739093	0.00230257	525898.	0.525498	0.250048	0.949059	4.83886	14.1899
484.	0.738782	0.00228592	526565.	0.525696	0.250802	0.949376	4.79441	14.113
485.	0.738473	0.0022695	527227.	0.525893	0.251551	0.94969	4.75059	14.037
486.	0.738166	0.0022533	527884.	0.526089	0.252296	0.950003	4.70738	13.9617
487.	0.737861	0.00223731	528536.	0.526283	0.253036	0.950313	4.66477	13.8873
488.	0.737558	0.00222154	529184.	0.526477	0.253771	0.950622	4.62275	13.8136
489.	0.737258	0.00220597	529827.	0.526669	0.254502	0.950929	4.58131	13.7407
490.	0.736959	0.00219061	530465.	0.52686	0.255228	0.951234	4.54044	13.6685
491.	0.736662	0.00217545	531100.	0.527051	0.25595	0.951538	4.50013	13.5971
492.	0.736368	0.00216048	531729.	0.52724	0.256667	0.951839	4.46037	13.5264
493.	0.736075	0.00214572	532355.	0.527427	0.257379	0.952139	4.42116	13.4565
494.	0.735784	0.00213114	532976.	0.527614	0.258087	0.952436	4.38247	13.3872
495.	0.735495	0.00211675	533593.	0.5278	0.25879	0.952732	4.34431	13.3187
496.	0.735208	0.00210255	534206.	0.527984	0.25949	0.953026	4.30666	13.2509
497.	0.734922	0.00208853	534815.	0.528168	0.260184	0.953318	4.26951	13.1837
498.	0.734639	0.00207469	535420.	0.52835	0.260875	0.953609	4.23287	13.1172
499.	0.734357	0.00206103	536020.	0.528531	0.261561	0.953897	4.19671	13.0513
500.	0.734077	0.00204755	536617.	0.528711	0.262242	0.954184	4.16103	12.9861
501.	0.733799	0.00203423	537210.	0.528891	0.26292	0.954468	4.12582	12.9216
502.	0.733522	0.00202108	537799.	0.529069	0.263593	0.954751	4.09107	12.8577
503.	0.733247	0.0020081	538384.	0.529246	0.264262	0.955032	4.05678	12.7944
504.	0.732974	0.00199528	538966.	0.529422	0.264927	0.955311	4.02294	12.7317
505.	0.732703	0.00198262	539544.	0.529596	0.265587	0.955589	3.98955	12.6696
506.	0.732433	0.00197012	540118.	0.52977	0.266244	0.955864	3.95658	12.6081
507.	0.732165	0.00195778	540688.	0.529943	0.266896	0.956138	3.92404	12.5472
508.	0.731898	0.00194559	541255.	0.530115	0.267545	0.956409	3.89192	12.4869
509.	0.731633	0.00193355	541819.	0.530286	0.268189	0.956679	3.86021	12.4271
510.	0.73137	0.00192165	542379.	0.530456	0.268829	0.956947	3.82891	12.3679
511.	0.731108	0.00190991	542935.	0.530624	0.269466	0.957214	3.798	12.3093
512.	0.730847	0.0018983	543489.	0.530792	0.270098	0.957478	3.76749	12.2512
513.	0.730588	0.00188684	544038.	0.530959	0.270727	0.957741	3.73737	12.1936
514.	0.730331	0.00187552	544585.	0.531125	0.271351	0.958001	3.70762	12.1365
515.	0.730075	0.00186434	545128.	0.53129	0.271972	0.95826	3.67825	12.08
516.	0.729821	0.00185329	545668.	0.531454	0.272589	0.958517	3.64924	12.024
517.	0.729567	0.00184237	546205.	0.531617	0.273202	0.958773	3.6206	11.9685
518.	0.729316	0.00183159	546739.	0.531779	0.273812	0.959026	3.59231	11.9135
519.	0.729066	0.00182093	547269.	0.53194	0.274417	0.959278	3.56437	11.859
520.	0.728817	0.0018104	547797.	0.5321	0.275019	0.959528	3.53677	11.805
521.	0.728569	0.00179999	548321.	0.532259	0.275618	0.959776	3.50952	11.7514
522.	0.728323	0.00178971	548842.	0.532417	0.276212	0.960023	3.48259	11.6984
523.	0.728078	0.00177955	549361.	0.532575	0.276803	0.960268	3.456	11.6458
524.	0.727835	0.00176951	549876.	0.532731	0.277391	0.96051	3.42972	11.5936
525.	0.727593	0.00175958	550389.	0.532887	0.277974	0.960752	3.40377	11.5419
526.	0.727352	0.00174978	550899.	0.533041	0.278555	0.960991	3.37812	11.4907
527.	0.727112	0.00174008	551406.	0.533195	0.279132	0.961229	3.35279	11.4399
528.	0.726874	0.0017305	551910.	0.533348	0.279705	0.961465	3.32775	11.3895
529.	0.726637	0.00172103	552411.	0.5335	0.280275	0.961699	3.30302	11.3395
530.	0.726401	0.00171167	552910.	0.533651	0.280841	0.961932	3.27858	11.29
531.	0.726167	0.00170241	553406.	0.533801	0.281404	0.962163	3.25442	11.2409
532.	0.725933	0.00169326	553899.	0.533951	0.281964	0.962392	3.23055	11.1922
533.	0.725701	0.00168422	554390.	0.534099	0.28252	0.96262	3.20696	11.1439
534.	0.72547	0.00167527	554878.	0.534247	0.283073	0.962846	3.18365	11.096
535.	0.72524	0.00166643	555363.	0.534394	0.283623	0.96307	3.16061	11.0485
536.	0.725011	0.00165769	555846.	0.53454	0.28417	0.963292	3.13783	11.0014
537.	0.724784	0.00164905	556326.	0.534685	0.284713	0.963513	3.11532	10.9547
538.	0.724557	0.0016405	556804.	0.53483	0.285253	0.963733	3.09306	10.9083
539.	0.724332	0.00163205	557279.	0.534973	0.28579	0.96395	3.07106	10.8624
540.	0.724108	0.00162369	557752.	0.535116	0.286324	0.964166	3.04931	10.8168
541.	0.723885	0.00161542	558223.	0.535258	0.286854	0.964381	3.02781	10.7715
542.	0.723663	0.00160725	558691.	0.535399	0.287382	0.964594	3.00655	10.7266
543.	0.723442	0.00159916	559157.	0.53554	0.287906	0.964805	2.98553	10.6821
544.	0.723222	0.00159117	559620.	0.535679	0.288427	0.965015	2.96475	10.6379
545.	0.723003	0.00158326	560081.	0.535818	0.288946	0.965223	2.9442	10.5941
546.	0.722785	0.00157543	560540.	0.535956	0.289461	0.96543	2.92388	10.5506
547.	0.722569	0.0015677	560997.	0.536093	0.289973	0.965635	2.90378	10.5075
548.	0.722353	0.00156004	561451.	0.53623	0.290483	0.965838	2.88391	10.4647
549.	0.722138	0.00155247	561903.	0.536366	0.290989	0.96604	2.86426	10.4222
550.	0.721924	0.00154498	562353.	0.536501	0.291493	0.966241	2.84482	10.38
551.	0.721712	0.00153757	562801.	0.536635	0.291993	0.966439	2.82559	10.3382
552.	0.7215	0.00153023	563246.	0.536769	0.292491	0.966637	2.80658	10.2966
553.	0.721289	0.00152298	563690.	0.536901	0.292986	0.966833	2.78777	10.2554
554.	0.721079	0.0015158	564131.	0.537034	0.293478	0.967027	2.76916	10.2145
555.	0.72087	0.0015087	564570.	0.537165	0.293967	0.96722	2.75075	10.1739
556.	0.720662	0.00150167	565008.	0.537296	0.294454	0.967412	2.73254	10.1336
557.	0.720455	0.00149472	565443.	0.537426	0.294938	0.967602	2.71453	10.0936
558.	0.720249	0.00148783	565876.	0.537555	0.295419	0.967791	2.69671	10.0539
559.	0.720044	0.00148102	566307.	0.537684	0.295897	0.967978	2.67907	10.0145
560.	0.719839	0.00147428	566737.	0.537812	0.296373	0.968163	2.66162	9.97536
561.	0.719636	0.00146761	567164.	0.537939	0.296846	0.968348	2.64436	9.93651
562.	0.719433	0.00146101	567590.	0.538065	0.297317	0.968531	2.62728	9.89794
563.	0.719231	0.00145448	568013.	0.538191	0.297784	0.968712	2.61037	9.85965
564.	0.719031	0.00144801	568435.	0.538316	0.29825	0.968892	2.59364	9.82163
565.	0.718831	0.00144161	568854.	0.538441	0.298712	0.969071	2.57709	9.78387
566.	0.718631	0.00143527	569272.	0.538565	0.299172	0.969249	2.5607	9.74639
567.	0.718433	0.001429	569688.	0.538688	0.29963	0.969425	2.54448	9.70917
568.	0.718236	0.00142279	570103.	0.538811	0.300085	0.969599	2.52843	9.6722
569.	0.718039	0.00141664	570515.	0.538933	0.300538	0.969773	2.51255	9.6355
570.	0.717843	0.00141055	570926.	0.539054	0.300988	0.969945	2.49682	9.59904
571.	0.717648	0.00140452	571335.	0.539175	0.301436	0.970115	2.48125	9.56284
572.	0.717454	0.00139856	571742.	0.539295	0.301881	0.970285	2.46584	9.52689
573.	0.71726	0.00139265	572147.	0.539414	0.302324	0.970453	2.45059	9.49118
574.	0.717068	0.0013868	572551.	0.539533	0.302765	0.97062	2.43549	9.45572
575.	0.716876	0.00138101	572953.	0.539651	0.303203	0.970785	2.42054	9.42049
576.	0.716685	0.00137527	573353.	0.539769	0.303639	0.97095	2.40573	9.3855
577.	0.716494	0.00136959	573752.	0.539886	0.304072	0.971113	2.39108	9.35074
578.	0.716305	0.00136397	574149.	0.540002	0.304503	0.971274	2.37656	9.31622
579.	0.716116	0.0013584	574545.	0.540118	0.304932	0.971435	2.3622	9.28193
580.	0.715928	0.00135288	574938.	0.540233	0.305359	0.971594	2.34797	9.24786
581.	0.71574	0.00134742	575331.	0.540348	0.305783	0.971752	2.33388	9.21401
582.	0.715554	0.00134201	575721.	0.540462	0.306206	0.971909	2.31992	9.18039
583.	0.715368	0.00133665	576110.	0.540576	0.306626	0.972064	2.3061	9.14698
584.	0.715182	0.00133134	576498.	0.540689	0.307043	0.972219	2.29242	9.11379
585.	0.714998	0.00132608	576884.	0.540801	0.307459	0.972372	2.27886	9.08082
586.	0.714814	0.00132087	577268.	0.540913	0.307873	0.972524	2.26544	9.04805
587.	0.714631	0.00131571	577651.	0.541024	0.308284	0.972675	2.25214	9.0155
588.	0.714448	0.0013106	578033.	0.541135	0.308693	0.972825	2.23897	8.98315
589.	0.714266	0.00130553	578413.	0.541245	0.3091	0.972973	2.22592	8.951
590.	0.714085	0.00130052	578791.	0.541355	0.309505	0.97312	2.213	8.91906
591.	0.713905	0.00129555	579169.	0.541464	0.309908	0.973267	2.20019	8.88732
592.	0.713725	0.00129062	579544.	0.541572	0.310309	0.973412	2.18751	8.85578
593.	0.713546	0.00128574	579918.	0.54168	0.310708	0.973556	2.17495	8.82443
594.	0.713367	0.00128091	580291.	0.541788	0.311105	0.973699	2.1625	8.79328
595.	0.71319	0.00127612	580663.	0.541895	0.3115	0.97384	2.15016	8.76232
596.	0.713012	0.00127137	581033.	0.542001	0.311893	0.973981	2.13794	8.73154
597.	0.712836	0.00126666	581401.	0.542107	0.312284	0.974121	2.12583	8.70096
598.	0.71266	0.001262	581769.	0.542213	0.312673	0.974259	2.11384	8.67056
599.	0.712484	0.00125738	582135.	0.542318	0.31306	0.974397	2.10195	8.64034
600.	0.71231	0.0012528	582499.	0.542422	0.313445	0.974533	2.09017	8.61031
601.	0.712136	0.00124827	582863.	0.542526	0.313829	0.974668	2.07849	8.58046
602.	0.711962	0.00124377	583225.	0.542629	0.31421	0.974802	2.06692	8.55078
603.	0.711789	0.00123931	583585.	0.542732	0.31459	0.974936	2.05546	8.52128
604.	0.711617	0.00123489	583945.	0.542835	0.314967	0.975068	2.04409	8.49196
605.	0.711445	0.00123052	584303.	0.542937	0.315343	0.975199	2.03283	8.4628
606.	0.711274	0.00122617	584660.	0.543039	0.315717	0.975329	2.02167	8.43382
607.	0.711103	0.00122187	585015.	0.54314	0.31609	0.975458	2.01061	8.40501
608.	0.710933	0.00121761	585370.	0.54324	0.31646	0.975587	1.99964	8.37636
609.	0.710764	0.00121338	585723.	0.54334	0.316829	0.975714	1.98877	8.34788
610.	0.710595	0.00120919	586075.	0.54344	0.317196	0.97584	1.97799	8.31957
611.	0.710427	0.00120503	586425.	0.543539	0.317561	0.975965	1.96731	8.29142
612.	0.710259	0.00120091	586775.	0.543638	0.317924	0.976089	1.95672	8.26342
613.	0.710092	0.00119683	587123.	0.543736	0.318286	0.976213	1.94622	8.23559
614.	0.709925	0.00119278	587470.	0.543834	0.318646	0.976335	1.93581	8.20791
615.	0.709759	0.00118876	587816.	0.543932	0.319004	0.976457	1.9255	8.18039
616.	0.709594	0.00118478	588161.	0.544029	0.319361	0.976577	1.91527	8.15303
617.	0.709429	0.00118083	588504.	0.544125	0.319716	0.976697	1.90512	8.12582
618.	0.709264	0.00117692	588847.	0.544221	0.320069	0.976815	1.89506	8.09875
619.	0.7091	0.00117304	589188.	0.544317	0.320421	0.976933	1.88509	8.07184
620.	0.708937	0.00116919	589528.	0.544412	0.320771	0.97705	1.8752	8.04508
621.	0.708774	0.00116537	589868.	0.544507	0.32112	0.977166	1.8654	8.01846
622.	0.708611	0.00116158	590206.	0.544602	0.321466	0.977281	1.85567	7.99199
623.	0.70845	0.00115783	590542.	0.544696	0.321812	0.977395	1.84603	7.96567
624.	0.708288	0.00115411	590878.	0.544789	0.322156	0.977508	1.83647	7.93949
625.	0.708127	0.00115041	591213.	0.544883	0.322498	0.97762	1.82698	7.91344
626.	0.707967	0.00114675	591547.	0.544976	0.322838	0.977732	1.81758	7.88754
627.	0.707807	0.00114312	591879.	0.545068	0.323177	0.977843	1.80825	7.86178
628.	0.707647	0.00113951	592211.	0.54516	0.323515	0.977952	1.799	7.83616
629.	0.707488	0.00113594	592541.	0.545252	0.323851	0.978061	1.78982	7.81067
630.	0.70733	0.00113239	592871.	0.545343	0.324186	0.97817	1.78072	7.78532
631.	0.707172	0.00112888	593199.	0.545434	0.324519	0.978277	1.77169	7.7601
632.	0.707014	0.00112539	593527.	0.545524	0.32485	0.978383	1.76273	7.73501
633.	0.706857	0.00112193	593853.	0.545614	0.325181	0.978489	1.75384	7.71005
634.	0.706701	0.00111849	594179.	0.545704	0.325509	0.978594	1.74503	7.68523
635.	0.706545	0.00111508	594503.	0.545793	0.325837	0.978698	1.73629	7.66053
636.	0.706389	0.0011117	594827.	0.545882	0.326163	0.978801	1.72761	7.63596
637.	0.706234	0.00110835	595149.	0.545971	0.326487	0.978904	1.71901	7.61152
638.	0.706079	0.00110502	595471.	0.546059	0.32681	0.979005	1.71047	7.5872
639.	0.705925	0.00110172	595791.	0.546147	0.327132	0.979106	1.702	7.56301
640.	0.705771	0.00109845	596111.	0.546234	0.327452	0.979207	1.69359	7.53894
641.	0.705617	0.0010952	596429.	0.546321	0.327771	0.979306	1.68525	7.51499
642.	0.705464	0.00109197	596747.	0.546408	0.328089	0.979405	1.67698	7.49117
643.	0.705312	0.00108877	597064.	0.546494	0.328405	0.979503	1.66877	7.46746
644.	0.70516	0.0010856	597380.	0.54658	0.32872	0.9796	1.66062	7.44387
645.	0.705008	0.00108244	597695.	0.546666	0.329033	0.979696	1.65254	7.42041
646.	0.704857	0.00107932	598009.	0.546752	0.329346	0.979792	1.64452	7.39705
647.	0.704706	0.00107621	598322.	0.546837	0.329657	0.979887	1.63656	7.37382
648.	0.704555	0.00107313	598634.	0.546921	0.329966	0.979981	1.62866	7.35069
649.	0.704405	0.00107007	598945.	0.547006	0.330275	0.980075	1.62082	7.32769
650.	0.704256	0.00106704	599256.	0.54709	0.330582	0.980167	1.61303	7.30479
651.	0.704106	0.00106403	599565.	0.547173	0.330888	0.980259	1.60531	7.28201
652.	0.703958	0.00106104	599874.	0.547257	0.331192	0.980351	1.59765	7.25933
653.	0.703809	0.00105807	600182.	0.54734	0.331496	0.980442	1.59004	7.23677
654.	0.703661	0.00105512	600489.	0.547422	0.331798	0.980532	1.58249	7.21432
655.	0.703514	0.0010522	600795.	0.547505	0.332099	0.980621	1.57499	7.19197
656.	0.703366	0.0010493	601100.	0.547587	0.332398	0.98071	1.56755	7.16973
657.	0.70322	0.00104642	601404.	0.547668	0.332697	0.980798	1.56017	7.1476
658.	0.703073	0.00104356	601708.	0.54775	0.332994	0.980885	1.55284	7.12558
659.	0.702927	0.00104072	602011.	0.547831	0.33329	0.980972	1.54556	7.10365
660.	0.702782	0.0010379	602313.	0.547912	0.333585	0.981058	1.53834	7.08184
661.	0.702636	0.0010351	602614.	0.547992	0.333879	0.981143	1.53117	7.06012
662.	0.702491	0.00103232	602914.	0.548073	0.334172	0.981228	1.52405	7.03851
663.	0.702347	0.00102956	603214.	0.548152	0.334463	0.981312	1.51698	7.01699
664.	0.702203	0.00102683	603512.	0.548232	0.334754	0.981396	1.50996	6.99558
665.	0.702059	0.00102411	603810.	0.548311	0.335043	0.981479	1.503	6.97427
666.	0.701916	0.00102141	604107.	0.54839	0.335331	0.981561	1.49608	6.95306
667.	0.701773	0.00101873	604404.	0.548469	0.335618	0.981643	1.48921	6.93194
668.	0.70163	0.00101606	604699.	0.548547	0.335904	0.981724	1.48239	6.91092
669.	0.701488	0.00101342	604994.	0.548625	0.336189	0.981804	1.47562	6.89
670.	0.701346	0.00101079	605288.	0.548703	0.336472	0.981884	1.4689	6.86917
671.	0.701204	0.00100819	605581.	0.548781	0.336755	0.981963	1.46222	6.84844
672.	0.701063	0.0010056	605874.	0.548858	0.337037	0.982042	1.4556	6.8278
673.	0.700922	0.00100303	606166.	0.548935	0.337317	0.98212	1.44901	6.80726
674.	0.700781	0.00100047	606457.	0.549012	0.337597	0.982198	1.44248	6.7868
675.	0.700641	0.000997939	606747.	0.549088	0.337875	0.982274	1.43599	6.76644
676.	0.700501	0.000995421	607037.	0.549164	0.338152	0.982351	1.42954	6.74617
677.	0.700362	0.000992919	607325.	0.54924	0.338429	0.982427	1.42314	6.726
678.	0.700222	0.000990435	607613.	0.549316	0.338704	0.982502	1.41678	6.70591
679.	0.700084	0.000987968	607901.	0.549391	0.338978	0.982577	1.41046	6.68591
680.	0.699945	0.000985517	608188.	0.549466	0.339252	0.982651	1.40419	6.666
681.	0.699807	0.000983082	608473.	0.549541	0.339524	0.982724	1.39796	6.64617
682.	0.699669	0.000980664	608759.	0.549616	0.339795	0.982797	1.39178	6.62644
683.	0.699532	0.000978262	609043.	0.54969	0.340066	0.98287	1.38563	6.60679
684.	0.699394	0.000975876	609327.	0.549764	0.340335	0.982942	1.37953	6.58722
685.	0.699257	0.000973506	609610.	0.549838	0.340604	0.983013	1.37347	6.56774
686.	0.699121	0.000971151	609893.	0.549911	0.340871	0.983084	1.36744	6.54835
687.	0.698985	0.000968812	610175.	0.549985	0.341138	0.983155	1.36146	6.52904
688.	0.698849	0.000966489	610456.	0.550058	0.341403	0.983225	1.35552	6.50981
689.	0.698713	0.00096418	610736.	0.550131	0.341668	0.983294	1.34962	6.49066
690.	0.698578	0.000961886	611016.	0.550203	0.341931	0.983363	1.34375	6.4716
691.	0.698443	0.000959608	611295.	0.550275	0.342194	0.983431	1.33793	6.45262
692.	0.698308	0.000957344	611573.	0.550347	0.342456	0.983499	1.33214	6.43372
693.	0.698174	0.000955094	611851.	0.550419	0.342717	0.983566	1.32639	6.41489
694.	0.69804	0.000952859	612128.	0.550491	0.342977	0.983633	1.32068	6.39615
695.	0.697906	0.000950638	612405.	0.550562	0.343236	0.9837	1.31501	6.37749
696.	0.697773	0.000948432	612681.	0.550633	0.343494	0.983766	1.30937	6.35891
697.	0.69764	0.000946239	612956.	0.550704	0.343752	0.983831	1.30377	6.3404
698.	0.697507	0.00094406	613231.	0.550775	0.344008	0.983896	1.2982	6.32197
699.	0.697374	0.000941895	613504.	0.550845	0.344264	0.983961	1.29267	6.30362
700.	0.697242	0.000939744	613778.	0.550915	0.344519	0.984025	1.28718	6.28534
701.	0.69711	0.000937606	614050.	0.550985	0.344773	0.984088	1.28172	6.26714
702.	0.696978	0.000935481	614323.	0.551055	0.345026	0.984151	1.27629	6.24902
703.	0.696847	0.00093337	614594.	0.551124	0.345278	0.984214	1.2709	6.23097
704.	0.696716	0.000931272	614865.	0.551194	0.345529	0.984276	1.26555	6.21299
705.	0.696585	0.000929186	615135.	0.551263	0.34578	0.984338	1.26022	6.19509
706.	0.696454	0.000927114	615405.	0.551332	0.346029	0.9844	1.25494	6.17726
707.	0.696324	0.000925054	615674.	0.5514	0.346278	0.98446	1.24968	6.15951
708.	0.696194	0.000923006	615942.	0.551469	0.346526	0.984521	1.24446	6.14182
709.	0.696065	0.000920972	616210.	0.551537	0.346774	0.984581	1.23927	6.12421
710.	0.695935	0.000918949	616477.	0.551605	0.34702	0.984641	1.23411	6.10667
711.	0.695806	0.000916939	616744.	0.551672	0.347266	0.9847	1.22898	6.0892
712.	0.695677	0.000914941	617010.	0.55174	0.347511	0.984759	1.22389	6.07179
713.	0.695549	0.000912954	617276.	0.551807	0.347755	0.984817	1.21882	6.05446
714.	0.69542	0.00091098	617541.	0.551875	0.347998	0.984875	1.21379	6.0372
715.	0.695292	0.000909018	617805.	0.551941	0.348241	0.984932	1.20879	6.02001
716.	0.695165	0.000907067	618069.	0.552008	0.348482	0.98499	1.20382	6.00288
717.	0.695037	0.000905127	618332.	0.552075	0.348723	0.985046	1.19888	5.98583
718.	0.69491	0.0009032	618595.	0.552141	0.348964	0.985103	1.19397	5.96884
719.	0.694783	0.000901283	618857.	0.552207	0.349203	0.985159	1.18908	5.95191
720.	0.694656	0.000899378	619118.	0.552273	0.349442	0.985214	1.18423	5.93506
721.	0.69453	0.000897484	619379.	0.552339	0.34968	0.985269	1.17941	5.91827
722.	0.694403	0.0008956	619640.	0.552404	0.349917	0.985324	1.17462	5.90154
723.	0.694278	0.000893728	619900.	0.55247	0.350154	0.985378	1.16985	5.88488
724.	0.694152	0.000891867	620159.	0.552535	0.35039	0.985432	1.16511	5.86829
725.	0.694026	0.000890016	620418.	0.5526	0.350625	0.985486	1.1604	5.85176
726.	0.693901	0.000888176	620676.	0.552665	0.350859	0.985539	1.15572	5.83529
727.	0.693776	0.000886346	620934.	0.552729	0.351093	0.985592	1.15107	5.81889
728.	0.693652	0.000884527	621191.	0.552794	0.351326	0.985645	1.14644	5.80255
729.	0.693527	0.000882718	621448.	0.552858	0.351558	0.985697	1.14184	5.78627
730.	0.693403	0.00088092	621704.	0.552922	0.35179	0.985749	1.13727	5.77006
731.	0.693279	0.000879131	621960.	0.552986	0.352021	0.9858	1.13273	5.7539
732.	0.693155	0.000877353	622215.	0.553049	0.352251	0.985851	1.12821	5.73781
733.	0.693032	0.000875585	622470.	0.553113	0.352481	0.985902	1.12371	5.72178
734.	0.692909	0.000873826	622724.	0.553176	0.352709	0.985952	1.11925	5.70581
735.	0.692786	0.000872077	622977.	0.553239	0.352938	0.986002	1.11481	5.6899
736.	0.692663	0.000870338	623230.	0.553302	0.353165	0.986052	1.11039	5.67406
737.	0.692541	0.000868609	623483.	0.553365	0.353392	0.986101	1.106	5.65827
738.	0.692418	0.000866889	623735.	0.553428	0.353618	0.98615	1.10164	5.64254
739.	0.692296	0.000865178	623987.	0.55349	0.353844	0.986199	1.0973	5.62687