t	Ns	Ni
-5020.98057460848	0.35279	0.000756535
-5021.98057460848	0.352896	0.000758953
-5022.98057460848	0.353002	0.00076138
-5023.98057460848	0.353108	0.000763815
-5024.98057460848	0.353215	0.00076626
-5025.98057460848	0.353322	0.000768714
-5026.98057460848	0.35343	0.000771177
-5027.98057460848	0.353538	0.000773649
-5028.98057460848	0.353646	0.00077613
-5029.98057460848	0.353755	0.00077862
-5030.98057460848	0.353863	0.00078112
-5031.98057460848	0.353973	0.000783629
-5032.98057460848	0.354082	0.000786147
-5033.98057460848	0.354192	0.000788675
-5034.98057460848	0.354303	0.000791212
-5035.98057460848	0.354413	0.000793759
-5036.98057460848	0.354524	0.000796315
-5037.98057460848	0.354636	0.00079888
-5038.98057460848	0.354747	0.000801455
-5039.98057460848	0.354859	0.00080404
-5040.98057460848	0.354972	0.000806635
-5041.98057460848	0.355085	0.000809239
-5042.98057460848	0.355198	0.000811853
-5043.98057460848	0.355311	0.000814477
-5044.98057460848	0.355425	0.00081711
-5045.98057460848	0.35554	0.000819754
-5046.98057460848	0.355654	0.000822408
-5047.98057460848	0.355769	0.000825071
-5048.98057460848	0.355885	0.000827745
-5049.98057460848	0.356	0.000830428
-5050.98057460848	0.356117	0.000833122
-5051.98057460848	0.356233	0.000835826
-5052.98057460848	0.35635	0.00083854
-5053.98057460848	0.356467	0.000841265
-5054.98057460848	0.356585	0.000843999
-5055.98057460848	0.356703	0.000846744
-5056.98057460848	0.356821	0.0008495
-5057.98057460848	0.35694	0.000852266
-5058.98057460848	0.357059	0.000855043
-5059.98057460848	0.357179	0.00085783
-5060.98057460848	0.357299	0.000860627
-5061.98057460848	0.357419	0.000863436
-5062.98057460848	0.35754	0.000866255
-5063.98057460848	0.357661	0.000869085
-5064.98057460848	0.357782	0.000871925
-5065.98057460848	0.357904	0.000874777
-5066.98057460848	0.358027	0.000877639
-5067.98057460848	0.358149	0.000880513
-5068.98057460848	0.358272	0.000883397
-5069.98057460848	0.358396	0.000886293
-5070.98057460848	0.35852	0.0008892
-5071.98057460848	0.358644	0.000892117
-5072.98057460848	0.358769	0.000895046
-5073.98057460848	0.358894	0.000897987
-5074.98057460848	0.35902	0.000900938
-5075.98057460848	0.359146	0.000903901
-5076.98057460848	0.359272	0.000906876
-5077.98057460848	0.359399	0.000909862
-5078.98057460848	0.359526	0.00091286
-5079.98057460848	0.359654	0.000915869
-5080.98057460848	0.359782	0.00091889
-5081.98057460848	0.35991	0.000921922
-5082.98057460848	0.360039	0.000924966
-5083.98057460848	0.360168	0.000928023
-5084.98057460848	0.360298	0.000931091
-5085.98057460848	0.360428	0.000934171
-5086.98057460848	0.360559	0.000937263
-5087.98057460848	0.36069	0.000940367
-5088.98057460848	0.360821	0.000943483
-5089.98057460848	0.360953	0.000946611
-5090.98057460848	0.361085	0.000949752
-5091.98057460848	0.361218	0.000952905
-5092.98057460848	0.361351	0.00095607
-5093.98057460848	0.361485	0.000959248
-5094.98057460848	0.361619	0.000962438
-5095.98057460848	0.361753	0.000965641
-5096.98057460848	0.361888	0.000968856
-5097.98057460848	0.362024	0.000972084
-5098.98057460848	0.36216	0.000975325
-5099.98057460848	0.362296	0.000978578
-5100.98057460848	0.362433	0.000981844
-5101.98057460848	0.36257	0.000985124
-5102.98057460848	0.362708	0.000988416
-5103.98057460848	0.362846	0.000991721
-5104.98057460848	0.362984	0.000995039
-5105.98057460848	0.363123	0.000998371
-5106.98057460848	0.363263	0.00100172
-5107.98057460848	0.363403	0.00100507
-5108.98057460848	0.363543	0.00100845
-5109.98057460848	0.363684	0.00101183
-5110.98057460848	0.363826	0.00101523
-5111.98057460848	0.363968	0.00101864
-5112.98057460848	0.36411	0.00102207
-5113.98057460848	0.364253	0.0010255
-5114.98057460848	0.364396	0.00102896
-5115.98057460848	0.36454	0.00103242
-5116.98057460848	0.364684	0.00103591
-5117.98057460848	0.364829	0.0010394
-5118.98057460848	0.364974	0.00104291
-5119.98057460848	0.36512	0.00104643
-5120.98057460848	0.365266	0.00104997
-5121.98057460848	0.365413	0.00105352
-5122.98057460848	0.36556	0.00105709
-5123.98057460848	0.365708	0.00106067
-5124.98057460848	0.365856	0.00106426
-5125.98057460848	0.366004	0.00106787
-5126.98057460848	0.366154	0.00107149
-5127.98057460848	0.366303	0.00107513
-5128.98057460848	0.366453	0.00107878
-5129.98057460848	0.366604	0.00108245
-5130.98057460848	0.366755	0.00108613
-5131.98057460848	0.366907	0.00108983
-5132.98057460848	0.367059	0.00109355
-5133.98057460848	0.367212	0.00109727
-5134.98057460848	0.367365	0.00110102
-5135.98057460848	0.367519	0.00110478
-5136.98057460848	0.367674	0.00110855
-5137.98057460848	0.367828	0.00111234
-5138.98057460848	0.367984	0.00111614
-5139.98057460848	0.36814	0.00111996
-5140.98057460848	0.368296	0.0011238
-5141.98057460848	0.368453	0.00112765
-5142.98057460848	0.368611	0.00113152
-5143.98057460848	0.368769	0.0011354
-5144.98057460848	0.368927	0.0011393
-5145.98057460848	0.369086	0.00114322
-5146.98057460848	0.369246	0.00114715
-5147.98057460848	0.369406	0.0011511
-5148.98057460848	0.369567	0.00115507
-5149.98057460848	0.369728	0.00115905
-5150.98057460848	0.36989	0.00116304
-5151.98057460848	0.370053	0.00116706
-5152.98057460848	0.370216	0.00117109
-5153.98057460848	0.370379	0.00117514
-5154.98057460848	0.370543	0.0011792
-5155.98057460848	0.370708	0.00118328
-5156.98057460848	0.370873	0.00118738
-5157.98057460848	0.371039	0.0011915
-5158.98057460848	0.371205	0.00119563
-5159.98057460848	0.371372	0.00119978
-5160.98057460848	0.37154	0.00120395
-5161.98057460848	0.371708	0.00120814
-5162.98057460848	0.371877	0.00121234
-5163.98057460848	0.372046	0.00121656
-5164.98057460848	0.372216	0.0012208
-5165.98057460848	0.372386	0.00122505
-5166.98057460848	0.372557	0.00122933
-5167.98057460848	0.372729	0.00123362
-5168.98057460848	0.372901	0.00123793
-5169.98057460848	0.373074	0.00124226
-5170.98057460848	0.373247	0.00124661
-5171.98057460848	0.373421	0.00125097
-5172.98057460848	0.373596	0.00125536
-5173.98057460848	0.373771	0.00125976
-5174.98057460848	0.373947	0.00126418
-5175.98057460848	0.374124	0.00126862
-5176.98057460848	0.374301	0.00127308
-5177.98057460848	0.374478	0.00127756
-5178.98057460848	0.374657	0.00128206
-5179.98057460848	0.374836	0.00128658
-5180.98057460848	0.375015	0.00129111
-5181.98057460848	0.375195	0.00129567
-5182.98057460848	0.375376	0.00130024
-5183.98057460848	0.375558	0.00130484
-5184.98057460848	0.37574	0.00130945
-5185.98057460848	0.375923	0.00131409
-5186.98057460848	0.376106	0.00131874
-5187.98057460848	0.37629	0.00132342
-5188.98057460848	0.376475	0.00132811
-5189.98057460848	0.37666	0.00133283
-5190.98057460848	0.376846	0.00133757
-5191.98057460848	0.377033	0.00134232
-5192.98057460848	0.37722	0.0013471
-5193.98057460848	0.377408	0.0013519
-5194.98057460848	0.377597	0.00135672
-5195.98057460848	0.377786	0.00136156
-5196.98057460848	0.377976	0.00136642
-5197.98057460848	0.378167	0.0013713
-5198.98057460848	0.378358	0.00137621
-5199.98057460848	0.37855	0.00138113
-5200.98057460848	0.378743	0.00138608
-5201.98057460848	0.378936	0.00139105
-5202.98057460848	0.37913	0.00139604
-5203.98057460848	0.379325	0.00140105
-5204.98057460848	0.379521	0.00140609
-5205.98057460848	0.379717	0.00141114
-5206.98057460848	0.379914	0.00141622
-5207.98057460848	0.380111	0.00142132
-5208.98057460848	0.380309	0.00142645
-5209.98057460848	0.380508	0.0014316
-5210.98057460848	0.380708	0.00143677
-5211.98057460848	0.380909	0.00144196
-5212.98057460848	0.38111	0.00144718
-5213.98057460848	0.381312	0.00145242
-5214.98057460848	0.381514	0.00145768
-5215.98057460848	0.381718	0.00146296
-5216.98057460848	0.381922	0.00146828
-5217.98057460848	0.382126	0.00147361
-5218.98057460848	0.382332	0.00147897
-5219.98057460848	0.382538	0.00148435
-5220.98057460848	0.382745	0.00148976
-5221.98057460848	0.382953	0.00149519
-5222.98057460848	0.383162	0.00150064
-5223.98057460848	0.383371	0.00150612
-5224.98057460848	0.383581	0.00151163
-5225.98057460848	0.383792	0.00151716
-5226.98057460848	0.384003	0.00152271
-5227.98057460848	0.384216	0.00152829
-5228.98057460848	0.384429	0.00153389
-5229.98057460848	0.384643	0.00153953
-5230.98057460848	0.384857	0.00154518
-5231.98057460848	0.385073	0.00155086
-5232.98057460848	0.385289	0.00155657
-5233.98057460848	0.385506	0.00156231
-5234.98057460848	0.385724	0.00156807
-5235.98057460848	0.385943	0.00157385
-5236.98057460848	0.386162	0.00157967
-5237.98057460848	0.386382	0.00158551
-5238.98057460848	0.386603	0.00159137
-5239.98057460848	0.386825	0.00159727
-5240.98057460848	0.387048	0.00160319
-5241.98057460848	0.387271	0.00160914
-5242.98057460848	0.387496	0.00161511
-5243.98057460848	0.387721	0.00162112
-5244.98057460848	0.387947	0.00162715
-5245.98057460848	0.388174	0.00163321
-5246.98057460848	0.388401	0.0016393
-5247.98057460848	0.38863	0.00164541
-5248.98057460848	0.388859	0.00165156
-5249.98057460848	0.389089	0.00165773
-5250.98057460848	0.38932	0.00166393
-5251.98057460848	0.389552	0.00167016
-5252.98057460848	0.389785	0.00167643
-5253.98057460848	0.390019	0.00168272
-5254.98057460848	0.390253	0.00168903
-5255.98057460848	0.390489	0.00169538
-5256.98057460848	0.390725	0.00170176
-5257.98057460848	0.390962	0.00170817
-5258.98057460848	0.3912	0.00171461
-5259.98057460848	0.391439	0.00172108
-5260.98057460848	0.391679	0.00172758
-5261.98057460848	0.39192	0.00173411
-5262.98057460848	0.392161	0.00174068
-5263.98057460848	0.392404	0.00174727
-5264.98057460848	0.392647	0.0017539
-5265.98057460848	0.392892	0.00176055
-5266.98057460848	0.393137	0.00176724
-5267.98057460848	0.393383	0.00177396
-5268.98057460848	0.39363	0.00178072
-5269.98057460848	0.393878	0.0017875
-5270.98057460848	0.394127	0.00179432
-5271.98057460848	0.394377	0.00180117
-5272.98057460848	0.394628	0.00180805
-5273.98057460848	0.39488	0.00181497
-5274.98057460848	0.395133	0.00182192
-5275.98057460848	0.395387	0.00182891
-5276.98057460848	0.395642	0.00183592
-5277.98057460848	0.395897	0.00184298
-5278.98057460848	0.396154	0.00185006
-5279.98057460848	0.396412	0.00185718
-5280.98057460848	0.39667	0.00186434
-5281.98057460848	0.39693	0.00187153
-5282.98057460848	0.397191	0.00187875
-5283.98057460848	0.397452	0.00188602
-5284.98057460848	0.397715	0.00189331
-5285.98057460848	0.397979	0.00190064
-5286.98057460848	0.398243	0.00190801
-5287.98057460848	0.398509	0.00191542
-5288.98057460848	0.398776	0.00192286
-5289.98057460848	0.399044	0.00193034
-5290.98057460848	0.399312	0.00193785
-5291.98057460848	0.399582	0.0019454
-5292.98057460848	0.399853	0.00195299
-5293.98057460848	0.400125	0.00196062
-5294.98057460848	0.400398	0.00196828
-5295.98057460848	0.400672	0.00197599
-5296.98057460848	0.400947	0.00198373
-5297.98057460848	0.401223	0.00199151
-5298.98057460848	0.4015	0.00199933
-5299.98057460848	0.401779	0.00200719
-5300.98057460848	0.402058	0.00201509
-5301.98057460848	0.402339	0.00202302
-5302.98057460848	0.40262	0.002031
-5303.98057460848	0.402903	0.00203902
-5304.98057460848	0.403187	0.00204708
-5305.98057460848	0.403472	0.00205518
-5306.98057460848	0.403758	0.00206332
-5307.98057460848	0.404045	0.0020715
-5308.98057460848	0.404333	0.00207972
-5309.98057460848	0.404623	0.00208799
-5310.98057460848	0.404913	0.00209629
-5311.98057460848	0.405205	0.00210464
-5312.98057460848	0.405498	0.00211303
-5313.98057460848	0.405792	0.00212147
-5314.98057460848	0.406087	0.00212995
-5315.98057460848	0.406383	0.00213847
-5316.98057460848	0.406681	0.00214703
-5317.98057460848	0.40698	0.00215564
-5318.98057460848	0.407279	0.0021643
-5319.98057460848	0.407581	0.002173
-5320.98057460848	0.407883	0.00218174
-5321.98057460848	0.408186	0.00219053
-5322.98057460848	0.408491	0.00219936
-5323.98057460848	0.408797	0.00220824
-5324.98057460848	0.409104	0.00221717
-5325.98057460848	0.409413	0.00222614
-5326.98057460848	0.409722	0.00223516
-5327.98057460848	0.410033	0.00224423
-5328.98057460848	0.410345	0.00225335
-5329.98057460848	0.410659	0.00226251
-5330.98057460848	0.410973	0.00227172
-5331.98057460848	0.411289	0.00228098
-5332.98057460848	0.411607	0.00229029
-5333.98057460848	0.411925	0.00229965
-5334.98057460848	0.412245	0.00230905
-5335.98057460848	0.412566	0.00231851
-5336.98057460848	0.412888	0.00232802
-5337.98057460848	0.413212	0.00233757
-5338.98057460848	0.413537	0.00234718
-5339.98057460848	0.413863	0.00235684
-5340.98057460848	0.414191	0.00236655
-5341.98057460848	0.41452	0.00237632
-5342.98057460848	0.41485	0.00238613
-5343.98057460848	0.415182	0.002396
-5344.98057460848	0.415515	0.00240592
-5345.98057460848	0.41585	0.0024159
-5346.98057460848	0.416185	0.00242593
-5347.98057460848	0.416523	0.00243601
-5348.98057460848	0.416861	0.00244615
-5349.98057460848	0.417201	0.00245634
-5350.98057460848	0.417543	0.00246659
-5351.98057460848	0.417885	0.00247689
-5352.98057460848	0.41823	0.00248725
-5353.98057460848	0.418575	0.00249767
-5354.98057460848	0.418922	0.00250814
-5355.98057460848	0.419271	0.00251867
-5356.98057460848	0.419621	0.00252926
-5357.98057460848	0.419972	0.00253991
-5358.98057460848	0.420325	0.00255061
-5359.98057460848	0.42068	0.00256138
-5360.98057460848	0.421035	0.0025722
-5361.98057460848	0.421393	0.00258308
-5362.98057460848	0.421752	0.00259403
-5363.98057460848	0.422112	0.00260503
-5364.98057460848	0.422474	0.0026161
-5365.98057460848	0.422837	0.00262723
-5366.98057460848	0.423202	0.00263842
-5367.98057460848	0.423569	0.00264967
-5368.98057460848	0.423937	0.00266099
-5369.98057460848	0.424306	0.00267237
-5370.98057460848	0.424677	0.00268381
-5371.98057460848	0.42505	0.00269532
-5372.98057460848	0.425424	0.00270689
-5373.98057460848	0.4258	0.00271853
-5374.98057460848	0.426178	0.00273023
-5375.98057460848	0.426557	0.002742
-5376.98057460848	0.426938	0.00275384
-5377.98057460848	0.42732	0.00276574
-5378.98057460848	0.427704	0.00277772
-5379.98057460848	0.42809	0.00278976
-5380.98057460848	0.428477	0.00280187
-5381.98057460848	0.428866	0.00281405
-5382.98057460848	0.429256	0.0028263
-5383.98057460848	0.429649	0.00283862
-5384.98057460848	0.430043	0.00285101
-5385.98057460848	0.430438	0.00286347
-5386.98057460848	0.430836	0.00287601
-5387.98057460848	0.431235	0.00288861
-5388.98057460848	0.431636	0.0029013
-5389.98057460848	0.432039	0.00291405
-5390.98057460848	0.432443	0.00292688
-5391.98057460848	0.432849	0.00293978
-5392.98057460848	0.433257	0.00295276
-5393.98057460848	0.433667	0.00296582
-5394.98057460848	0.434078	0.00297895
-5395.98057460848	0.434492	0.00299216
-5396.98057460848	0.434907	0.00300545
-5397.98057460848	0.435324	0.00301882
-5398.98057460848	0.435742	0.00303226
-5399.98057460848	0.436163	0.00304579
-5400.98057460848	0.436585	0.00305939
-5401.98057460848	0.43701	0.00307308
-5402.98057460848	0.437436	0.00308685
-5403.98057460848	0.437864	0.0031007
-5404.98057460848	0.438294	0.00311463
-5405.98057460848	0.438726	0.00312865
-5406.98057460848	0.43916	0.00314275
-5407.98057460848	0.439596	0.00315694
-5408.98057460848	0.440033	0.00317121
-5409.98057460848	0.440473	0.00318557
-5410.98057460848	0.440915	0.00320001
-5411.98057460848	0.441358	0.00321454
-5412.98057460848	0.441804	0.00322917
-5413.98057460848	0.442252	0.00324388
-5414.98057460848	0.442701	0.00325868
-5415.98057460848	0.443153	0.00327357
-5416.98057460848	0.443607	0.00328855
-5417.98057460848	0.444063	0.00330362
-5418.98057460848	0.44452	0.00331879
-5419.98057460848	0.44498	0.00333405
-5420.98057460848	0.445442	0.00334941
-5421.98057460848	0.445907	0.00336486
-5422.98057460848	0.446373	0.0033804
-5423.98057460848	0.446841	0.00339605
-5424.98057460848	0.447312	0.00341179
-5425.98057460848	0.447784	0.00342763
-5426.98057460848	0.448259	0.00344356
-5427.98057460848	0.448736	0.0034596
-5428.98057460848	0.449216	0.00347574
-5429.98057460848	0.449697	0.00349198
-5430.98057460848	0.450181	0.00350832
-5431.98057460848	0.450667	0.00352477
-5432.98057460848	0.451155	0.00354132
-5433.98057460848	0.451645	0.00355797
-5434.98057460848	0.452138	0.00357473
-5435.98057460848	0.452633	0.0035916
-5436.98057460848	0.45313	0.00360858
-5437.98057460848	0.45363	0.00362566
-5438.98057460848	0.454132	0.00364285
-5439.98057460848	0.454636	0.00366016
-5440.98057460848	0.455143	0.00367758
-5441.98057460848	0.455652	0.0036951
-5442.98057460848	0.456164	0.00371275
-5443.98057460848	0.456677	0.0037305
-5444.98057460848	0.457194	0.00374837
-5445.98057460848	0.457713	0.00376636
-5446.98057460848	0.458234	0.00378447
-5447.98057460848	0.458758	0.00380269
-5448.98057460848	0.459284	0.00382103
-5449.98057460848	0.459812	0.0038395
-5450.98057460848	0.460344	0.00385808
-5451.98057460848	0.460877	0.00387679
-5452.98057460848	0.461414	0.00389562
-5453.98057460848	0.461953	0.00391458
-5454.98057460848	0.462494	0.00393366
-5455.98057460848	0.463038	0.00395287
-5456.98057460848	0.463585	0.00397221
-5457.98057460848	0.464134	0.00399168
-5458.98057460848	0.464687	0.00401127
-5459.98057460848	0.465241	0.004031
-5460.98057460848	0.465799	0.00405086
-5461.98057460848	0.466359	0.00407086
-5462.98057460848	0.466922	0.00409099
-5463.98057460848	0.467487	0.00411126
-5464.98057460848	0.468056	0.00413166
-5465.98057460848	0.468627	0.00415221
-5466.98057460848	0.469201	0.00417289
-5467.98057460848	0.469778	0.00419372
-5468.98057460848	0.470357	0.00421469
-5469.98057460848	0.47094	0.0042358
-5470.98057460848	0.471525	0.00425706
-5471.98057460848	0.472113	0.00427846
-5472.98057460848	0.472704	0.00430002
-5473.98057460848	0.473299	0.00432172
-5474.98057460848	0.473896	0.00434357
-5475.98057460848	0.474496	0.00436558
-5476.98057460848	0.475099	0.00438774
-5477.98057460848	0.475705	0.00441005
-5478.98057460848	0.476314	0.00443252
-5479.98057460848	0.476926	0.00445515
-5480.98057460848	0.477542	0.00447794
-5481.98057460848	0.47816	0.00450089
-5482.98057460848	0.478782	0.004524
-5483.98057460848	0.479406	0.00454728
-5484.98057460848	0.480034	0.00457072
-5485.98057460848	0.480665	0.00459433
-5486.98057460848	0.481299	0.00461811
-5487.98057460848	0.481937	0.00464206
-5488.98057460848	0.482578	0.00466618
-5489.98057460848	0.483222	0.00469047
-5490.98057460848	0.483869	0.00471494
-5491.98057460848	0.48452	0.00473959
-5492.98057460848	0.485174	0.00476442
-5493.98057460848	0.485831	0.00478942
-5494.98057460848	0.486492	0.00481461
-5495.98057460848	0.487156	0.00483999
-5496.98057460848	0.487824	0.00486555
-5497.98057460848	0.488495	0.00489129
-5498.98057460848	0.48917	0.00491723
-5499.98057460848	0.489848	0.00494336
-5500.98057460848	0.49053	0.00496968
-5501.98057460848	0.491215	0.0049962
-5502.98057460848	0.491904	0.00502292
-5503.98057460848	0.492596	0.00504983
-5504.98057460848	0.493293	0.00507695
-5505.98057460848	0.493993	0.00510427
-5506.98057460848	0.494696	0.00513179
-5507.98057460848	0.495403	0.00515953
-5508.98057460848	0.496115	0.00518747
-5509.98057460848	0.49683	0.00521562
-5510.98057460848	0.497548	0.00524399
-5511.98057460848	0.498271	0.00527258
-5512.98057460848	0.498997	0.00530138
-5513.98057460848	0.499728	0.0053304
-5514.98057460848	0.500462	0.00535965
-5515.98057460848	0.5012	0.00538912
-5516.98057460848	0.501943	0.00541882
-5517.98057460848	0.502689	0.00544875
-5518.98057460848	0.503439	0.00547891
-5519.98057460848	0.504194	0.00550931
-5520.98057460848	0.504952	0.00553994
-5521.98057460848	0.505715	0.00557082
-5522.98057460848	0.506482	0.00560193
-5523.98057460848	0.507253	0.00563329
-5524.98057460848	0.508029	0.0056649
-5525.98057460848	0.508808	0.00569676
-5526.98057460848	0.509592	0.00572887
-5527.98057460848	0.510381	0.00576124
-5528.98057460848	0.511173	0.00579386
-5529.98057460848	0.511971	0.00582675
-5530.98057460848	0.512772	0.0058599
-5531.98057460848	0.513578	0.00589331
-5532.98057460848	0.514389	0.005927
-5533.98057460848	0.515204	0.00596096
-5534.98057460848	0.516024	0.00599519
-5535.98057460848	0.516848	0.0060297
-5536.98057460848	0.517677	0.0060645
-5537.98057460848	0.518511	0.00609958
-5538.98057460848	0.51935	0.00613494
-5539.98057460848	0.520193	0.0061706
-5540.98057460848	0.521041	0.00620655
-5541.98057460848	0.521894	0.0062428
-5542.98057460848	0.522752	0.00627936
-5543.98057460848	0.523615	0.00631621
-5544.98057460848	0.524483	0.00635337
-5545.98057460848	0.525355	0.00639085
-5546.98057460848	0.526233	0.00642864
-5547.98057460848	0.527116	0.00646675
-5548.98057460848	0.528004	0.00650518
-5549.98057460848	0.528898	0.00654393
-5550.98057460848	0.529796	0.00658302
-5551.98057460848	0.5307	0.00662244
-5552.98057460848	0.531609	0.00666219
-5553.98057460848	0.532524	0.00670229
-5554.98057460848	0.533444	0.00674273
-5555.98057460848	0.534369	0.00678352
-5556.98057460848	0.5353	0.00682466
-5557.98057460848	0.536236	0.00686617
-5558.98057460848	0.537178	0.00690803
-5559.98057460848	0.538126	0.00695026
-5560.98057460848	0.539079	0.00699286
-5561.98057460848	0.540038	0.00703583
-5562.98057460848	0.541003	0.00707918
-5563.98057460848	0.541974	0.00712292
-5564.98057460848	0.542951	0.00716705
-5565.98057460848	0.543933	0.00721156
-5566.98057460848	0.544922	0.00725648
-5567.98057460848	0.545916	0.0073018
-5568.98057460848	0.546917	0.00734752
-5569.98057460848	0.547924	0.00739366
-5570.98057460848	0.548937	0.00744022
-5571.98057460848	0.549956	0.0074872
-5572.98057460848	0.550981	0.0075346
-5573.98057460848	0.552013	0.00758244
-5574.98057460848	0.553052	0.00763072
-5575.98057460848	0.554097	0.00767945
-5576.98057460848	0.555148	0.00772862
-5577.98057460848	0.556206	0.00777825
-5578.98057460848	0.557271	0.00782834
-5579.98057460848	0.558342	0.00787889
-5580.98057460848	0.55942	0.00792992
-5581.98057460848	0.560505	0.00798143
-5582.98057460848	0.561597	0.00803343
-5583.98057460848	0.562696	0.00808591
-5584.98057460848	0.563802	0.0081389
-5585.98057460848	0.564915	0.00819239
-5586.98057460848	0.566035	0.00824639
-5587.98057460848	0.567163	0.0083009
-5588.98057460848	0.568297	0.00835595
-5589.98057460848	0.569439	0.00841152
-5590.98057460848	0.570589	0.00846763
-5591.98057460848	0.571746	0.00852429
-5592.98057460848	0.572911	0.0085815
-5593.98057460848	0.574083	0.00863927
-5594.98057460848	0.575263	0.00869761
-5595.98057460848	0.576451	0.00875652
-5596.98057460848	0.577646	0.00881602
-5597.98057460848	0.57885	0.00887611
-5598.98057460848	0.580062	0.0089368
-5599.98057460848	0.581281	0.0089981
-5600.98057460848	0.582509	0.00906001
-5601.98057460848	0.583746	0.00912255
-5602.98057460848	0.58499	0.00918572
-5603.98057460848	0.586243	0.00924954
-5604.98057460848	0.587505	0.009314
-5605.98057460848	0.588775	0.00937913
-5606.98057460848	0.590053	0.00944492
-5607.98057460848	0.591341	0.0095114
-5608.98057460848	0.592637	0.00957857
-5609.98057460848	0.593943	0.00964643
-5610.98057460848	0.595257	0.00971501
-5611.98057460848	0.596581	0.0097843
-5612.98057460848	0.597913	0.00985433
-5613.98057460848	0.599255	0.00992509
-5614.98057460848	0.600607	0.00999661
-5615.98057460848	0.601968	0.0100689
-5616.98057460848	0.603338	0.010142
-5617.98057460848	0.604719	0.0102158
-5618.98057460848	0.606109	0.0102904
-5619.98057460848	0.607509	0.0103659
-5620.98057460848	0.608919	0.0104422
-5621.98057460848	0.610339	0.0105193
-5622.98057460848	0.611769	0.0105972
-5623.98057460848	0.61321	0.0106761
-5624.98057460848	0.614661	0.0107558
-5625.98057460848	0.616123	0.0108363
-5626.98057460848	0.617595	0.0109178
-5627.98057460848	0.619078	0.0110002
-5628.98057460848	0.620572	0.0110836
-5629.98057460848	0.622077	0.0111679
-5630.98057460848	0.623594	0.0112531
-5631.98057460848	0.625121	0.0113394
-5632.98057460848	0.62666	0.0114266
-5633.98057460848	0.62821	0.0115148
-5634.98057460848	0.629772	0.0116041
-5635.98057460848	0.631346	0.0116944
-5636.98057460848	0.632932	0.0117858
-5637.98057460848	0.63453	0.0118782
-5638.98057460848	0.63614	0.0119718
-5639.98057460848	0.637762	0.0120665
-5640.98057460848	0.639397	0.0121623
-5641.98057460848	0.641044	0.0122593
-5642.98057460848	0.642705	0.0123575
-5643.98057460848	0.644378	0.0124568
-5644.98057460848	0.646064	0.0125574
-5645.98057460848	0.647763	0.0126593
-5646.98057460848	0.649476	0.0127624
-5647.98057460848	0.651202	0.0128668
-5648.98057460848	0.652942	0.0129725
-5649.98057460848	0.654696	0.0130796
-5650.98057460848	0.656464	0.013188
-5651.98057460848	0.658246	0.0132979
-5652.98057460848	0.660042	0.0134092
-5653.98057460848	0.661853	0.0135219
-5654.98057460848	0.663678	0.0136361
-5655.98057460848	0.665519	0.0137518
-5656.98057460848	0.667375	0.0138691
-5657.98057460848	0.669245	0.013988
-5658.98057460848	0.671132	0.0141085
-5659.98057460848	0.673034	0.0142306
-5660.98057460848	0.674952	0.0143544
-5661.98057460848	0.676886	0.01448
-5662.98057460848	0.678836	0.0146073
-5663.98057460848	0.680803	0.0147364
-5664.98057460848	0.682787	0.0148674
-5665.98057460848	0.684787	0.0150002
-5666.98057460848	0.686805	0.015135
-5667.98057460848	0.68884	0.0152718
-5668.98057460848	0.690893	0.0154107
-5669.98057460848	0.692963	0.0155516
-5670.98057460848	0.695052	0.0156947
-5671.98057460848	0.697159	0.0158399
-5672.98057460848	0.699285	0.0159875
-5673.98057460848	0.70143	0.0161373
-5674.98057460848	0.703594	0.0162896
-5675.98057460848	0.705777	0.0164443
-5676.98057460848	0.70798	0.0166016
-5677.98057460848	0.710203	0.0167614
-5678.98057460848	0.712447	0.016924
-5679.98057460848	0.714711	0.0170893
-5680.98057460848	0.716996	0.0172575
-5681.98057460848	0.719303	0.0174286
-5682.98057460848	0.721631	0.0176028
-5683.98057460848	0.723981	0.0177802
-5684.98057460848	0.726353	0.0179608
-5685.98057460848	0.728748	0.0181449
-5686.98057460848	0.731166	0.0183324
-5687.98057460848	0.733607	0.0185236
-5688.98057460848	0.736072	0.0187185
-5689.98057460848	0.738562	0.0189174
-5690.98057460848	0.741076	0.0191204
-5691.98057460848	0.743615	0.0193276
-5692.98057460848	0.746179	0.0195392
-5693.98057460848	0.74877	0.0197555
-5694.98057460848	0.751386	0.0199766
-5695.98057460848	0.75403	0.0202027
-5696.98057460848	0.756701	0.0204341
-5697.98057460848	0.7594	0.020671
-5698.98057460848	0.762128	0.0209138
-5699.98057460848	0.764885	0.0211625
-5700.98057460848	0.767671	0.0214177
-5701.98057460848	0.770487	0.0216795
-5702.98057460848	0.773335	0.0219484
-5703.98057460848	0.776213	0.0222247
-5704.98057460848	0.779124	0.0225089
-5705.98057460848	0.782068	0.0228013
-5706.98057460848	0.785046	0.0231025
-5707.98057460848	0.788058	0.023413
-5708.98057460848	0.791105	0.0237332
-5709.98057460848	0.794188	0.0240639
-5710.98057460848	0.797309	0.0244056
-5711.98057460848	0.800467	0.0247591
-5712.98057460848	0.803664	0.0251251
-5713.98057460848	0.806901	0.0255045
-5714.98057460848	0.810178	0.025898
-5715.98057460848	0.813498	0.0263068
-5716.98057460848	0.816862	0.0267319
-5717.98057460848	0.820269	0.0271744
-5718.98057460848	0.823723	0.0276356
-5719.98057460848	0.827224	0.0281169
-5720.98057460848	0.830773	0.0286198
-5721.98057460848	0.834373	0.0291458
-5722.98057460848	0.838025	0.0296969
-5723.98057460848	0.84173	0.030275
-5724.98057460848	0.845491	0.0308823
-5725.98057460848	0.849309	0.0315211
-5726.98057460848	0.853187	0.032194
-5727.98057460848	0.857126	0.0329041
-5728.98057460848	0.861129	0.0336543
-5729.98057460848	0.865199	0.0344482
-5730.98057460848	0.869338	0.0352898
-5731.98057460848	0.87355	0.0361832
-5732.98057460848	0.877836	0.0371332
-5733.98057460848	0.8822	0.0381451
-5734.98057460848	0.886646	0.0392246
-5735.98057460848	0.891178	0.0403783
-5736.98057460848	0.895798	0.0416134
-5737.98057460848	0.900512	0.0429377
-5738.98057460848	0.905324	0.0443604
-5739.98057460848	0.910238	0.0458913
-5740.98057460848	0.91526	0.0475416
-5741.98057460848	0.920395	0.0493237
-5742.98057460848	0.925649	0.0512516
-5743.98057460848	0.931029	0.0533409
-5744.98057460848	0.93654	0.0556093
-5745.98057460848	0.942191	0.0580763
-5746.98057460848	0.947989	0.0607641
-5747.98057460848	0.953943	0.0636979
-5748.98057460848	0.96006	0.0669055
-5749.98057460848	0.966352	0.0704188
-5750.98057460848	0.972828	0.0742736
-5751.98057460848	0.9795	0.0785101
-5752.98057460848	0.98638	0.083174
-5753.98057460848	0.99348	0.088317