t	Ns	Ni	Dead_pi_0.0062	A	LogRS	Rt	DiscHealthCost	DiscTotalCost
0.	0.999922	0.0000527	51.0367	0.99763	1.12666	3.08508	0.182425	0.18277
0.99763	1.	0.999895	0.0000709623	68.8704	0.996817	1.12503	3.07997	0.245157
0.245779	0.996817	2.	0.999859	0.0000954738	92.8757	0.995729	1.12284	3.07314
0.329188	0.330305	0.995729	3.	0.99981	0.000128305	125.153	0.994279	1.11993
3.06405	0.441517	0.443517	0.994279	4.	0.999745	0.000172167	168.497	0.992351
1.11605	3.05198	0.591286	0.594855	0.992351	5.	0.999658	0.000230564	226.599
0.989801	1.1109	3.03605	0.790282	0.796615	0.989801	6.	0.999542	0.000307961
304.301	0.986447	1.10411	3.01516	1.05349	1.06465	0.986447	7.	0.999389
0.000409935	407.908	0.982069	1.09521	2.988	1.39956	1.41906	0.982069	8.
0.999188	0.000543272	545.519	0.976413	1.08366	2.95309	1.85113	1.8848	0.976413
9.	0.998926	0.00071593	727.37	0.969196	1.06883	2.90883	2.43463	2.49194
0.969196	10.	0.998588	0.000936806	966.164	0.960133	1.05003	2.85371	3.17948
3.27527	0.960133	11.	0.998157	0.00121517	1277.26	0.948965	1.02664	2.78651
4.11612	4.27276	0.948965	12.	0.997615	0.00155978	1678.65	0.935515	0.998087
2.70661	5.27299	5.52253	0.935515	13.	0.996945	0.00197762	2190.65	0.919731
0.964055	2.6143	6.67235	7.05816	0.919731	14.	0.996133	0.00247253	2835.18
0.901734	0.92453	2.51094	8.32571	8.90259	0.901734	15.	0.995169	0.00304401
3634.69	0.881831	0.879892	2.39899	10.2298	11.0621	0.881831	16.	0.994046
0.00368657	4610.73	0.860496	0.830911	2.28174	12.3649	13.5219	0.860496	17.
0.992767	0.0043899	5782.57	0.838314	0.778676	2.16283	14.6948	16.2451	0.838314
18.	0.991336	0.00513983	7165.89	0.815898	0.724471	2.04576	17.1713	19.1759
0.815898	19.	0.989767	0.00591994	8771.88	0.793824	0.669614	1.93349	19.7385
22.2457	0.793824	20.	0.988071	0.00671317	10606.8	0.772568	0.615331	1.8282
22.3392	25.3813	0.772568	21.	0.986265	0.00750338	12672.1	0.752486	0.562656
1.73122	24.9195	28.5118	0.752486	22.	0.984365	0.00827648	14964.8	0.733808
0.512387	1.64317	27.4329	31.5749	0.733808	23.	0.982384	0.00902093	17478.2
0.716657	0.465086	1.5641	29.8415	34.5194	0.716657	24.	0.980338	0.00972796
20202.6	0.701066	0.421096	1.49367	32.117	37.3065	0.701066	25.	0.978237
0.0103914	23126.2	0.687008	0.380584	1.4313	34.2398	39.9095	0.687008	26.
0.976091	0.0110076	26235.8	0.674413	0.343578	1.37627	36.1985	42.312	0.674413
27.	0.973911	0.0115745	29517.2	0.663186	0.310003	1.32786	37.9878	44.5067
0.663186	28.	0.971702	0.0120919	32956.1	0.653219	0.279717	1.28532	39.6077
46.4927	0.653219	29.	0.969472	0.0125607	36538.2	0.644401	0.252533	1.24798
41.0621	48.2745	0.644401	30.	0.967225	0.0129825	40249.6	0.63662	0.228238
1.21521	42.3576	49.8603	0.63662	31.	0.964966	0.0133598	44077.1	0.629774
0.206612	1.18643	43.5025	51.2603	0.629774	32.	0.962698	0.0136951	48008.
0.623762	0.187431	1.16115	44.5065	52.4866	0.623762	33.	0.960423	0.0139913
52030.5	0.618497	0.170478	1.13894	45.3796	53.5519	0.618497	34.	0.958145
0.0142515	56133.8	0.613897	0.155545	1.1194	46.1323	54.4691	0.613897	35.
0.955866	0.0144784	60307.8	0.609887	0.142439	1.10219	46.7747	55.2508	0.609887
36.	0.953586	0.0146751	64543.3	0.606402	0.130979	1.08703	47.3167	55.9094
0.606402	37.	0.951308	0.0148442	68831.8	0.603384	0.120999	1.07367	47.7677
56.4565	0.603384	38.	0.949033	0.0149884	73165.8	0.600779	0.112346	1.06187
48.1365	56.9031	0.600779	39.	0.946761	0.01511	77538.3	0.598542	0.104884
1.05146	48.4313	57.2593	0.598542	40.	0.944494	0.0152113	81943.1	0.59663
0.0984857	1.04225	48.6599	57.5345	0.59663	41.	0.942232	0.0152943	86374.7
0.595007	0.0930396	1.0341	48.829	57.7373	0.595007	42.	0.939975	0.0153609
90828.	0.593642	0.0884435	1.0269	48.945	57.8754	0.593642	43.	0.937725
0.0154129	95298.4	0.592504	0.0846058	1.02052	49.0139	57.956	0.592504	44.
0.935482	0.0154517	99782.	0.591568	0.081445	1.01486	49.0406	57.9854	0.591568
45.	0.933245	0.0154789	104275.	0.590812	0.0788873	1.00985	49.0301	57.9695
0.590812	46.	0.931016	0.0154957	108775.	0.590216	0.0768672	1.0054	48.9865
57.9135	0.590216	47.	0.928794	0.0155032	113278.	0.589761	0.075326	1.00146
48.9137	57.8219	0.589761	48.	0.92658	0.0155025	117782.	0.589432	0.074211
0.997958	48.815	57.6991	0.589432	49.	0.924374	0.0154944	122284.	0.589216
0.0734758	0.99485	48.6936	57.5486	0.589216	50.	0.922176	0.0154799	126784.
0.589098	0.0730781	0.99209	48.5521	57.374	0.589098	51.	0.919986	0.0154597
131278.	0.58907	0.0729812	0.989638	48.3931	57.178	0.58907	52.	0.917804
0.0154344	135766.	0.58912	0.0731515	0.98746	48.2186	56.9634	0.58912	53.
0.915631	0.0154046	140245.	0.58924	0.0735595	0.985524	48.0307	56.7326	0.58924
54.	0.913467	0.0153708	144716.	0.589423	0.0741788	0.983803	47.831	56.4875
0.589423	55.	0.911311	0.0153336	149176.	0.589661	0.074986	0.982274	47.6211
56.2302	0.589661	56.	0.909163	0.0152933	153625.	0.589948	0.0759601	0.980914
47.4024	55.9622	0.589948	57.	0.907025	0.0152503	158062.	0.590279	0.0770825
0.979706	47.176	55.6851	0.590279	58.	0.904895	0.015205	162485.	0.590649
0.0783365	0.978631	46.9431	55.4	0.590649	59.	0.902773	0.0151576	166896.
0.591054	0.0797074	0.977676	46.7045	55.1082	0.591054	60.	0.900661	0.0151084
171292.	0.59149	0.081182	0.976828	46.4612	54.8108	0.59149	61.	0.898557
0.0150576	175674.	0.591954	0.0827486	0.976074	46.2139	54.5085	0.591954	62.
0.896461	0.0150055	180041.	0.592442	0.0843964	0.975404	45.9632	54.2023	0.592442
63.	0.894375	0.0149523	184393.	0.592951	0.0861166	0.974809	45.7097	53.8928
0.592951	64.	0.892297	0.014898	188729.	0.593481	0.0879006	0.974281	45.454
53.5806	0.593481	65.	0.890228	0.0148428	193049.	0.594027	0.089741	0.973812
45.1965	53.2664	0.594027	66.	0.888167	0.014787	197353.	0.594589	0.0916315
0.973396	44.9377	52.9506	0.594589	67.	0.886115	0.0147305	201640.	0.595164
0.0935658	0.973028	44.6778	52.6336	0.595164	68.	0.884072	0.0146735	205911.
0.595752	0.0955391	0.972702	44.4172	52.3159	0.595752	69.	0.882037	0.0146161
210166.	0.59635	0.0975465	0.972413	44.1562	51.9977	0.59635	70.	0.880011
0.0145583	214404.	0.596958	0.0995838	0.972158	43.8951	51.6794	0.596958	71.
0.877993	0.0145003	218625.	0.597574	0.101647	0.971933	43.6339	51.3612	0.597574
72.	0.875984	0.014442	222829.	0.598198	0.103734	0.971734	43.3731	51.0434
0.598198	73.	0.873984	0.0143837	227016.	0.598828	0.105841	0.971559	43.1126
50.7262	0.598828	74.	0.871992	0.0143252	231186.	0.599464	0.107965	0.971406
42.8527	50.4097	0.599464	75.	0.870008	0.0142666	235339.	0.600106	0.110104
0.971272	42.5935	50.0942	0.600106	76.	0.868033	0.0142081	239475.	0.600752
0.112256	0.971154	42.3351	49.7796	0.600752	77.	0.866066	0.0141495	243595.
0.601402	0.114419	0.971052	42.0776	49.4663	0.601402	78.	0.864107	0.0140911
247697.	0.602056	0.116592	0.970963	41.8211	49.1542	0.602056	79.	0.862156
0.0140327	251782.	0.602713	0.118773	0.970886	41.5656	48.8435	0.602713	80.
0.860214	0.0139743	255850.	0.603372	0.12096	0.97082	41.3114	48.5343	0.603372
81.	0.85828	0.0139162	259901.	0.604034	0.123152	0.970764	41.0583	48.2265
0.604034	82.	0.856354	0.0138581	263936.	0.604698	0.12535	0.970716	40.8064
47.9204	0.604698	83.	0.854437	0.0138002	267953.	0.605364	0.12755	0.970676
40.5559	47.6158	0.605364	84.	0.852527	0.0137425	271954.	0.606031	0.129754
0.970643	40.3067	47.313	0.606031	85.	0.850626	0.013685	275938.	0.6067
0.131959	0.970616	40.0588	47.0118	0.6067	86.	0.848732	0.0136276	279906.
0.607369	0.134165	0.970594	39.8123	46.7124	0.607369	87.	0.846846	0.0135705
283856.	0.60804	0.136372	0.970578	39.5672	46.4148	0.60804	88.	0.844969
0.0135135	287790.	0.608711	0.138579	0.970566	39.3236	46.119	0.608711	89.
0.843099	0.0134568	291708.	0.609383	0.140786	0.970558	39.0814	45.8249	0.609383
90.	0.841237	0.0134003	295609.	0.610056	0.142992	0.970553	38.8407	45.5327
0.610056	91.	0.839383	0.0133441	299494.	0.610729	0.145197	0.970551	38.6014
45.2424	0.610729	92.	0.837537	0.0132881	303362.	0.611402	0.1474	0.970553
38.3636	44.9538	0.611402	93.	0.835698	0.0132323	307215.	0.612075	0.149602
0.970556	38.1273	44.6672	0.612075	94.	0.833867	0.0131767	311051.	0.612749
0.151801	0.970562	37.8924	44.3823	0.612749	94.20265230323366	0.833497	0.0131655	311827.
0.612885	0.152247	0.970564	37.845	44.3248	0.612885	95.20265230323366	0.831676	0.0131103
315643.	0.613559	0.154443	0.970572	37.612	44.0422	0.613559	96.20265230323366	0.829862
0.0130553	319444.	0.614232	0.156637	0.970582	37.3804	43.7615	0.614232	97.20265230323366
0.828055	0.0130006	323229.	0.614905	0.158828	0.970594	37.1503	43.4826	0.614905
98.20265230323366	0.826256	0.0129461	326998.	0.615579	0.161017	0.970607	36.9217	43.2056
0.615579	99.20265230323366	0.824465	0.0128918	330751.	0.616251	0.163202	0.970622	36.6946
42.9304	0.616251	100.20265230323366	0.822681	0.0128379	334488.	0.616924	0.165384	0.970637
36.4689	42.657	0.616924	101.20265230323366	0.820905	0.0127841	338210.	0.617597	0.167562
0.970653	36.2447	42.3855	0.617597	102.20265230323366	0.819136	0.0127307	341916.	0.618269
0.169738	0.970671	36.022	42.1158	0.618269	103.20265230323366	0.817374	0.0126774	345607.
0.61894	0.171909	0.970689	35.8008	41.848	0.61894	104.20265230323366	0.81562	0.0126245
349282.	0.619612	0.174077	0.970708	35.581	41.5819	0.619612	105.20265230323366	0.813873
0.0125718	352942.	0.620282	0.176242	0.970727	35.3626	41.3177	0.620282	106.20265230323366
0.812133	0.0125193	356587.	0.620953	0.178402	0.970747	35.1457	41.0552	0.620953
107.20265230323366	0.8104	0.0124672	360216.	0.621623	0.180559	0.970768	34.9302	40.7945
0.621623	108.20265230323366	0.808675	0.0124152	363831.	0.622292	0.182712	0.970789	34.7162
40.5356	0.622292	109.20265230323366	0.806957	0.0123635	367430.	0.622961	0.184861	0.97081
34.5035	40.2785	0.622961	110.20265230323366	0.805246	0.0123121	371014.	0.62363	0.187006
0.970832	34.2923	40.0231	0.62363	111.20265230323366	0.803542	0.0122609	374584.	0.624298
0.189147	0.970854	34.0824	39.7694	0.624298	112.20265230323366	0.801845	0.01221	378138.
0.624965	0.191284	0.970876	33.874	39.5175	0.624965	113.20265230323366	0.800155	0.0121593
381678.	0.625632	0.193417	0.970899	33.6669	39.2673	0.625632	114.20265230323366	0.798472
0.0121089	385203.	0.626299	0.195546	0.970922	33.4612	39.0188	0.626299	115.20265230323366
0.796796	0.0120587	388714.	0.626964	0.197671	0.970945	33.2569	38.772	0.626964
116.20265230323366	0.795126	0.0120088	392210.	0.62763	0.199792	0.970968	33.0539	38.5269
0.62763	117.20265230323366	0.793464	0.0119591	395691.	0.628294	0.201909	0.970991	32.8523
38.2835	0.628294	118.20265230323366	0.791809	0.0119097	399158.	0.628958	0.204021	0.971014
32.652	38.0417	0.628958	119.20265230323366	0.79016	0.0118605	402611.	0.629622	0.20613
0.971037	32.4531	37.8016	0.629622	120.20265230323366	0.788518	0.0118115	406050.	0.630284
0.208234	0.971061	32.2555	37.5631	0.630284	121.20265230323366	0.786883	0.0117628	409474.
0.630947	0.210334	0.971084	32.0591	37.3263	0.630947	122.20265230323366	0.785254	0.0117144
412884.	0.631608	0.21243	0.971108	31.8641	37.091	0.631608	123.20265230323366	0.783633
0.0116661	416280.	0.632269	0.214522	0.971132	31.6704	36.8574	0.632269	124.20265230323366
0.782018	0.0116181	419663.	0.632929	0.216609	0.971155	31.4779	36.6254	0.632929
125.20265230323366	0.780409	0.0115704	423031.	0.633589	0.218693	0.971179	31.2868	36.395
0.633589	126.20265230323366	0.778807	0.0115229	426385.	0.634248	0.220772	0.971203	31.0969
36.1661	0.634248	127.20265230323366	0.777211	0.0114756	429726.	0.634907	0.222847	0.971227
30.9082	35.9388	0.634907	128.20265230323366	0.775623	0.0114285	433053.	0.635564	0.224918
0.97125	30.7208	35.713	0.635564	129.20265230323366	0.77404	0.0113817	436366.	0.636221
0.226985	0.971274	30.5347	35.4888	0.636221	130.20265230323366	0.772464	0.0113351	439666.
0.636878	0.229048	0.971298	30.3498	35.2661	0.636878	131.20265230323366	0.770894	0.0112887
442952.	0.637534	0.231106	0.971321	30.1661	35.0449	0.637534	132.20265230323366	0.769331
0.0112426	446225.	0.638189	0.23316	0.971345	29.9836	34.8252	0.638189	133.20265230323366
0.767774	0.0111967	449485.	0.638843	0.23521	0.971369	29.8023	34.6071	0.638843
134.20265230323366	0.766224	0.011151	452731.	0.639497	0.237256	0.971393	29.6222	34.3904
0.639497	135.20265230323366	0.764679	0.0111055	455964.	0.640151	0.239298	0.971416	29.4433
34.1751	0.640151	136.20265230323366	0.763141	0.0110603	459183.	0.640803	0.241336	0.97144
29.2656	33.9614	0.640803	137.20265230323366	0.76161	0.0110153	462390.	0.641455	0.24337
0.971463	29.089	33.7491	0.641455	138.20265230323366	0.760084	0.0109705	465584.	0.642106
0.245399	0.971487	28.9136	33.5382	0.642106	139.20265230323366	0.758564	0.0109259	468764.
0.642757	0.247424	0.97151	28.7394	33.3288	0.642757	140.20265230323366	0.757051	0.0108816
471932.	0.643407	0.249445	0.971534	28.5663	33.1208	0.643407	141.20265230323366	0.755544
0.0108374	475087.	0.644056	0.251462	0.971557	28.3944	32.9141	0.644056	142.20265230323366
0.754043	0.0107935	478229.	0.644704	0.253475	0.971581	28.2235	32.7089	0.644704
143.20265230323366	0.752548	0.0107498	481358.	0.645352	0.255484	0.971604	28.0538	32.5051
0.645352	144.20265230323366	0.751059	0.0107063	484475.	0.645999	0.257489	0.971627	27.8853
32.3027	0.645999	145.20265230323366	0.749576	0.010663	487579.	0.646646	0.259489	0.971651
27.7178	32.1016	0.646646	146.20265230323366	0.748098	0.0106199	490670.	0.647292	0.261486
0.971674	27.5514	31.9019	0.647292	147.20265230323366	0.746627	0.010577	493749.	0.647937
0.263478	0.971697	27.3861	31.7035	0.647937	148.20265230323366	0.745162	0.0105344	496816.
0.648581	0.265466	0.97172	27.2219	31.5065	0.648581	149.20265230323366	0.743703	0.0104919
499870.	0.649225	0.26745	0.971743	27.0588	31.3108	0.649225	150.20265230323366	0.742249
0.0104497	502912.	0.649868	0.269431	0.971766	26.8967	31.1164	0.649868	151.20265230323366
0.740801	0.0104076	505942.	0.650511	0.271407	0.971789	26.7357	30.9233	0.650511
152.20265230323366	0.739359	0.0103658	508959.	0.651152	0.273379	0.971812	26.5757	30.7315
0.651152	153.20265230323366	0.737923	0.0103241	511965.	0.651793	0.275347	0.971835	26.4168
30.5411	0.651793	154.20265230323366	0.736493	0.0102827	514958.	0.652434	0.277311	0.971858
26.2589	30.3519	0.652434	155.20265230323366	0.735068	0.0102415	517939.	0.653073	0.27927
0.971881	26.102	30.1639	0.653073	156.20265230323366	0.733649	0.0102004	520908.	0.653712
0.281226	0.971904	25.9462	29.9773	0.653712	157.20265230323366	0.732235	0.0101596	523866.
0.654351	0.283178	0.971926	25.7914	29.7918	0.654351	158.20265230323366	0.730827	0.0101189
526811.	0.654988	0.285126	0.971949	25.6376	29.6077	0.654988	159.20265230323366	0.729425
0.0100785	529745.	0.655625	0.28707	0.971972	25.4848	29.4247	0.655625	160.20265230323366
0.728029	0.0100382	532667.	0.656261	0.289009	0.971994	25.333	29.243	0.656261
161.20265230323366	0.726637	0.00999815	535578.	0.656897	0.290945	0.972017	25.1821	29.0625
0.656897	162.20265230323366	0.725252	0.00995828	538477.	0.657532	0.292877	0.972039	25.0323
28.8832	0.657532	163.20265230323366	0.723872	0.0099186	541364.	0.658166	0.294805	0.972061
24.8834	28.7052	0.658166	164.20265230323366	0.722497	0.00987911	544240.	0.658799	0.296728
0.972084	24.7355	28.5283	0.658799	165.20265230323366	0.721128	0.0098398	547104.	0.659432
0.298648	0.972106	24.5885	28.3525	0.659432	166.20265230323366	0.719764	0.00980069	549957.
0.660064	0.300564	0.972128	24.4425	28.178	0.660064	167.20265230323366	0.718406	0.00976176
552798.	0.660695	0.302476	0.972151	24.2974	28.0046	0.660695	168.20265230323366	0.717053
0.00972301	555629.	0.661326	0.304384	0.972173	24.1533	27.8324	0.661326	169.20265230323366
0.715705	0.00968445	558448.	0.661955	0.306288	0.972195	24.0101	27.6613	0.661955
170.20265230323366	0.714363	0.00964607	561256.	0.662585	0.308188	0.972217	23.8678	27.4914
0.662585	171.20265230323366	0.713026	0.00960788	564052.	0.663213	0.310084	0.972239	23.7265
27.3226	0.663213	172.20265230323366	0.711694	0.00956987	566838.	0.663841	0.311976	0.972261
23.586	27.1549	0.663841	173.20265230323366	0.710367	0.00953203	569613.	0.664468	0.313865
0.972283	23.4465	26.9884	0.664468	174.20265230323366	0.709046	0.00949438	572377.	0.665094
0.315749	0.972305	23.3078	26.8229	0.665094	175.20265230323366	0.70773	0.00945691	575129.
0.66572	0.317629	0.972327	23.1701	26.6586	0.66572	176.20265230323366	0.706419	0.00941961
577871.	0.666345	0.319506	0.972348	23.0332	26.4953	0.666345	177.20265230323366	0.705113
0.00938249	580602.	0.666969	0.321379	0.97237	22.8973	26.3331	0.666969	178.20265230323366
0.703812	0.00934554	583323.	0.667592	0.323247	0.972392	22.7621	26.172	0.667592
179.20265230323366	0.702516	0.00930877	586032.	0.668215	0.325112	0.972413	22.6279	26.012
0.668215	180.20265230323366	0.701226	0.00927217	588731.	0.668837	0.326973	0.972435	22.4945
25.853	0.668837	181.20265230323366	0.69994	0.00923574	591420.	0.669459	0.32883	0.972456
22.362	25.6951	0.669459	182.20265230323366	0.69866	0.00919949	594098.	0.670079	0.330684
0.972478	22.2303	25.5382	0.670079	183.20265230323366	0.697384	0.0091634	596765.	0.670699
0.332533	0.972499	22.0995	25.3823	0.670699	184.20265230323366	0.696114	0.00912749	599422.
0.671318	0.334379	0.972521	21.9695	25.2275	0.671318	185.20265230323366	0.694848	0.00909174
602068.	0.671937	0.33622	0.972542	21.8403	25.0737	0.671937	186.20265230323366	0.693587
0.00905616	604704.	0.672555	0.338058	0.972563	21.712	24.921	0.672555	187.20265230323366
0.692331	0.00902075	607330.	0.673172	0.339892	0.972585	21.5845	24.7692	0.673172
188.20265230323366	0.69108	0.0089855	609946.	0.673788	0.341723	0.972606	21.4577	24.6184
0.673788	189.20265230323366	0.689834	0.00895042	612551.	0.674404	0.343549	0.972627	21.3318
24.4687	0.674404	190.20265230323366	0.688593	0.0089155	615146.	0.675018	0.345372	0.972648
21.2068	24.3199	0.675018	191.20265230323366	0.687357	0.00888074	617731.	0.675633	0.34719
0.972669	21.0825	24.1721	0.675633	192.20265230323366	0.686125	0.00884615	620306.	0.676246
0.349005	0.97269	20.9589	24.0252	0.676246	193.20265230323366	0.684898	0.00881172	622871.
0.676859	0.350817	0.972711	20.8362	23.8794	0.676859	194.20265230323366	0.683676	0.00877745
625426.	0.677471	0.352624	0.972732	20.7143	23.7345	0.677471	195.20265230323366	0.682459
0.00874333	627971.	0.678082	0.354428	0.972753	20.5931	23.5905	0.678082	196.20265230323366
0.681246	0.00870938	630506.	0.678692	0.356228	0.972774	20.4727	23.4475	0.678692
197.20265230323366	0.680038	0.00867558	633032.	0.679302	0.358024	0.972794	20.3531	23.3054
0.679302	198.20265230323366	0.678835	0.00864194	635547.	0.679911	0.359816	0.972815	20.2342
23.1643	0.679911	199.20265230323366	0.677636	0.00860846	638053.	0.68052	0.361605	0.972836
20.1161	23.0241	0.68052	200.20265230323366	0.676442	0.00857513	640549.	0.681127	0.36339
0.972856	19.9987	22.8848	0.681127	201.20265230323366	0.675253	0.00854196	643035.	0.681734
0.365171	0.972877	19.8821	22.7464	0.681734	202.20265230323366	0.674068	0.00850894	645512.
0.68234	0.366948	0.972898	19.7662	22.6089	0.68234	203.20265230323366	0.672887	0.00847607
647979.	0.682946	0.368722	0.972918	19.6511	22.4723	0.682946	204.20265230323366	0.671712
0.00844335	650437.	0.68355	0.370492	0.972939	19.5366	22.3366	0.68355	205.20265230323366
0.67054	0.00841079	652885.	0.684154	0.372258	0.972959	19.4229	22.2018	0.684154
206.20265230323366	0.669374	0.00837837	655324.	0.684757	0.374021	0.972979	19.3099	22.0679
0.684757	207.20265230323366	0.668211	0.0083461	657753.	0.68536	0.375779	0.973	19.1977
21.9348	0.68536	208.20265230323366	0.667053	0.00831398	660173.	0.685961	0.377535	0.97302
19.0861	21.8026	0.685961	209.20265230323366	0.6659	0.00828201	662584.	0.686562	0.379286
0.97304	18.9752	21.6713	0.686562	210.20265230323366	0.664751	0.00825019	664985.	0.687163
0.381034	0.97306	18.8651	21.5408	0.687163	211.20265230323366	0.663606	0.00821851	667377.
0.687762	0.382778	0.97308	18.7556	21.4112	0.687762	212.20265230323366	0.662466	0.00818698
669760.	0.688361	0.384518	0.9731	18.6468	21.2825	0.688361	213.20265230323366	0.66133
0.00815559	672134.	0.688959	0.386255	0.973121	18.5387	21.1545	0.688959	214.20265230323366
0.660198	0.00812434	674499.	0.689556	0.387988	0.97314	18.4313	21.0274	0.689556
215.20265230323366	0.659071	0.00809324	676855.	0.690153	0.389718	0.97316	18.3246	20.9011
0.690153	216.20265230323366	0.657948	0.00806228	679201.	0.690749	0.391443	0.97318	18.2185
20.7757	0.690749	217.20265230323366	0.656829	0.00803146	681539.	0.691344	0.393166	0.9732
18.1131	20.651	0.691344	218.20265230323366	0.655715	0.00800078	683868.	0.691938	0.394884
0.97322	18.0083	20.5272	0.691938	219.20265230323366	0.654605	0.00797024	686188.	0.692532
0.396599	0.97324	17.9042	20.4041	0.692532	220.20265230323366	0.653499	0.00793984	688499.
0.693124	0.398311	0.97326	17.8008	20.2819	0.693124	221.20265230323366	0.652397	0.00790958
690801.	0.693716	0.400018	0.973279	17.698	20.1605	0.693716	222.20265230323366	0.651299
0.00787946	693095.	0.694308	0.401722	0.973299	17.5959	20.0398	0.694308	223.20265230323366
0.650206	0.00784947	695379.	0.694898	0.403423	0.973318	17.4944	19.9199	0.694898
224.20265230323366	0.649116	0.00781962	697655.	0.695488	0.40512	0.973338	17.3935	19.8008
0.695488	225.20265230323366	0.648031	0.0077899	699923.	0.696077	0.406813	0.973358	17.2932
19.6825	0.696077	226.20265230323366	0.64695	0.00776032	702182.	0.696666	0.408503	0.973377
17.1936	19.5649	0.696666	227.20265230323366	0.645873	0.00773087	704432.	0.697253	0.410189
0.973396	17.0946	19.4481	0.697253	228.20265230323366	0.6448	0.00770156	706673.	0.69784
0.411872	0.973416	16.9962	19.332	0.69784	229.20265230323366	0.643731	0.00767238	708907.
0.698426	0.413551	0.973435	16.8985	19.2167	0.698426	230.20265230323366	0.642666	0.00764332
711131.	0.699012	0.415226	0.973454	16.8013	19.1021	0.699012	231.20265230323366	0.641605
0.0076144	713348.	0.699596	0.416898	0.973474	16.7048	18.9883	0.699596	232.20265230323366
0.640548	0.00758562	715556.	0.70018	0.418567	0.973493	16.6088	18.8752	0.70018
233.20265230323366	0.639495	0.00755696	717755.	0.700763	0.420231	0.973512	16.5134	18.7628
0.700763	234.20265230323366	0.638446	0.00752842	719946.	0.701345	0.421893	0.973531	16.4187
18.6512	0.701345	235.20265230323366	0.637401	0.00750002	722129.	0.701927	0.423551	0.97355
16.3245	18.5402	0.701927	235.20572913614888	0.637398	0.00749993	722136.	0.701929	0.423556
0.973551	16.3242	18.5399	0.701929	236.20572913614888	0.636357	0.00747166	724311.	0.70251
0.42521	0.97357	16.2306	18.4297	0.70251	237.20572913614888	0.63532	0.00744351	726477.
0.70309	0.426861	0.973589	16.1376	18.3202	0.70309	238.20572913614888	0.634286	0.00741549
728635.	0.703669	0.428508	0.973607	16.0452	18.2114	0.703669	239.20572913614888	0.633257
0.00738759	730786.	0.704248	0.430152	0.973626	15.9533	18.1032	0.704248	240.20572913614888
0.632231	0.00735982	732928.	0.704825	0.431792	0.973645	15.862	17.9958	0.704825
241.20572913614888	0.631209	0.00733217	735062.	0.705403	0.433429	0.973664	15.7713	17.8891
0.705403	242.20572913614888	0.630191	0.00730465	737188.	0.705979	0.435062	0.973683	15.6811
17.783	0.705979	243.20572913614888	0.629177	0.00727725	739306.	0.706554	0.436692	0.973702
15.5915	17.6777	0.706554	244.20572913614888	0.628167	0.00724997	741416.	0.707129	0.438318
0.97372	15.5025	17.573	0.707129	245.20572913614888	0.62716	0.00722281	743519.	0.707703
0.439941	0.973739	15.414	17.4689	0.707703	246.20572913614888	0.626157	0.00719578	745613.
0.708276	0.441561	0.973758	15.326	17.3656	0.708276	247.20572913614888	0.625158	0.00716886
747700.	0.708849	0.443177	0.973776	15.2386	17.2629	0.708849	248.20572913614888	0.624163
0.00714206	749778.	0.709421	0.444789	0.973795	15.1517	17.1608	0.709421	249.20572913614888
0.623171	0.00711538	751849.	0.709992	0.446398	0.973813	15.0654	17.0594	0.709992
250.20572913614888	0.622183	0.00708883	753913.	0.710562	0.448004	0.973832	14.9795	16.9587
0.710562	251.20572913614888	0.621199	0.00706238	755968.	0.711131	0.449606	0.97385	14.8943
16.8586	0.711131	252.20572913614888	0.620218	0.00703606	758016.	0.7117	0.451205	0.973868
14.8095	16.7591	0.7117	253.20572913614888	0.619241	0.00700985	760056.	0.712268	0.452801
0.973887	14.7253	16.6603	0.712268	254.20572913614888	0.618268	0.00698376	762089.	0.712835
0.454393	0.973905	14.6415	16.5621	0.712835	255.20572913614888	0.617298	0.00695778	764114.
0.713402	0.455981	0.973923	14.5583	16.4645	0.713402	256.2057291361489	0.616331	0.00693192
766132.	0.713967	0.457566	0.973942	14.4756	16.3675	0.713967	257.2057291361489	0.615369
0.00690617	768142.	0.714532	0.459148	0.97396	14.3935	16.2711	0.714532	258.2057291361489
0.61441	0.00688054	770144.	0.715097	0.460727	0.973978	14.3118	16.1754	0.715097
259.2057291361489	0.613454	0.00685502	772140.	0.71566	0.462302	0.973996	14.2306	16.0803
0.71566	260.2057291361489	0.612502	0.00682961	774127.	0.716223	0.463874	0.974014	14.1499
15.9857	0.716223	261.2057291361489	0.611553	0.00680431	776108.	0.716784	0.465442	0.974032
14.0697	15.8918	0.716784	262.2057291361489	0.610608	0.00677912	778081.	0.717346	0.467007
0.97405	13.99	15.7985	0.717346	263.2057291361489	0.609667	0.00675405	780047.	0.717906
0.468568	0.974068	13.9108	15.7057	0.717906	264.2057291361489	0.608729	0.00672908	782005.
0.718465	0.470127	0.974086	13.832	15.6136	0.718465	265.2057291361489	0.607794	0.00670422
783956.	0.719024	0.471682	0.974104	13.7538	15.522	0.719024	266.2057291361489	0.606863
0.00667947	785901.	0.719582	0.473233	0.974121	13.676	15.431	0.719582	267.2057291361489
0.605935	0.00665484	787837.	0.72014	0.474782	0.974139	13.5987	15.3406	0.72014
268.2057291361489	0.605011	0.0066303	789767.	0.720696	0.476327	0.974157	13.5219	15.2507
0.720696	269.2057291361489	0.60409	0.00660588	791690.	0.721252	0.477868	0.974175	13.4455
15.1615	0.721252	270.2057291361489	0.603172	0.00658156	793605.	0.721807	0.479407	0.974192
13.3696	15.0727	0.721807	271.2057291361489	0.602258	0.00655735	795514.	0.722361	0.480942
0.97421	13.2942	14.9846	0.722361	272.2057291361489	0.601347	0.00653324	797415.	0.722914
0.482473	0.974228	13.2192	14.897	0.722914	273.2057291361489	0.600439	0.00650924	799310.
0.723467	0.484002	0.974245	13.1447	14.8099	0.723467	274.2057291361489	0.599535	0.00648534
801197.	0.724019	0.485527	0.974263	13.0706	14.7234	0.724019	275.2057291361489	0.598634
0.00646155	803078.	0.72457	0.487049	0.97428	12.997	14.6374	0.72457	276.2057291361489
0.597736	0.00643786	804952.	0.725121	0.488567	0.974297	12.9239	14.552	0.725121
277.2057291361489	0.596842	0.00641427	806819.	0.72567	0.490083	0.974315	12.8511	14.4671
0.72567	278.2057291361489	0.595951	0.00639079	808679.	0.726219	0.491595	0.974332	12.7788
14.3828	0.726219	279.2057291361489	0.595063	0.0063674	810532.	0.726767	0.493103	0.974349
12.707	14.299	0.726767	280.2057291361489	0.594178	0.00634412	812378.	0.727314	0.494609
0.974367	12.6356	14.2157	0.727314	281.2057291361489	0.593296	0.00632094	814218.	0.727861
0.496111	0.974384	12.5646	14.1329	0.727861	282.2057291361489	0.592418	0.00629786	816051.
0.728407	0.49761	0.974401	12.4941	14.0506	0.728407	283.2057291361489	0.591543	0.00627488
817877.	0.728952	0.499106	0.974418	12.4239	13.9689	0.728952	284.2057291361489	0.590671
0.006252	819697.	0.729496	0.500599	0.974435	12.3542	13.8877	0.729496	285.2057291361489
0.589803	0.00622921	821510.	0.730039	0.502088	0.974453	12.285	13.8069	0.730039
286.2057291361489	0.588937	0.00620653	823316.	0.730582	0.503574	0.97447	12.2161	13.7267
0.730582	287.2057291361489	0.588074	0.00618394	825116.	0.731124	0.505057	0.974487	12.1476
13.647	0.731124	288.2057291361489	0.587215	0.00616145	826909.	0.731665	0.506537	0.974504
12.0796	13.5678	0.731665	289.2057291361489	0.586359	0.00613906	828696.	0.732205	0.508013
0.974521	12.012	13.4891	0.732205	290.2057291361489	0.585506	0.00611676	830476.	0.732745
0.509487	0.974537	11.9448	13.4109	0.732745	291.2057291361489	0.584656	0.00609456	832250.
0.733284	0.510957	0.974554	11.878	13.3331	0.733284	292.2057291361489	0.583809	0.00607245
834017.	0.733822	0.512424	0.974571	11.8116	13.2559	0.733822	293.2057291361489	0.582965
0.00605044	835778.	0.734359	0.513888	0.974588	11.7456	13.1791	0.734359	294.2057291361489
0.582124	0.00602852	837533.	0.734896	0.515348	0.974605	11.6799	13.1028	0.734896
295.2057291361489	0.581286	0.0060067	839281.	0.735431	0.516806	0.974621	11.6147	13.027
0.735431	296.2057291361489	0.580451	0.00598496	841023.	0.735966	0.51826	0.974638	11.5499
12.9516	0.735966	297.2057291361489	0.57962	0.00596333	842759.	0.7365	0.519711	0.974655
11.4855	12.8767	0.7365	298.2057291361489	0.578791	0.00594178	844488.	0.737034	0.521159
0.974671	11.4214	12.8023	0.737034	299.2057291361489	0.577965	0.00592033	846211.	0.737566
0.522604	0.974688	11.3577	12.7284	0.737566	300.2057291361489	0.577142	0.00589896	847928.
0.738098	0.524046	0.974704	11.2945	12.6549	0.738098	301.2057291361489	0.576322	0.00587769
849638.	0.738629	0.525484	0.974721	11.2316	12.5818	0.738629	302.2057291361489	0.575505
0.00585651	851343.	0.73916	0.52692	0.974737	11.169	12.5092	0.73916	303.2057291361489
0.574691	0.00583542	853041.	0.739689	0.528352	0.974754	11.1069	12.4371	0.739689
304.2057291361489	0.57388	0.00581442	854733.	0.740218	0.529781	0.97477	11.0451	12.3654
0.740218	305.2057291361489	0.573072	0.00579351	856420.	0.740746	0.531207	0.974786	10.9837
12.2942	0.740746	306.2057291361489	0.572266	0.00577268	858100.	0.741273	0.53263	0.974803
10.9226	12.2234	0.741273	307.2057291361489	0.571464	0.00575195	859774.	0.7418	0.53405
0.974819	10.862	12.153	0.7418	308.2057291361489	0.570664	0.0057313	861442.	0.742325
0.535467	0.974835	10.8016	12.0831	0.742325	309.2057291361489	0.569868	0.00571074	863104.
0.74285	0.536881	0.974851	10.7417	12.0136	0.74285	310.2057291361489	0.569074	0.00569027
864760.	0.743375	0.538292	0.974868	10.6821	11.9445	0.743375	311.2057291361489	0.568283
0.00566988	866410.	0.743898	0.539699	0.974884	10.6228	11.8759	0.743898	312.2057291361489
0.567495	0.00564958	868054.	0.744421	0.541104	0.9749	10.5639	11.8077	0.744421
313.2057291361489	0.566709	0.00562936	869693.	0.744942	0.542505	0.974916	10.5054	11.7399
0.744942	314.2057291361489	0.565926	0.00560923	871325.	0.745463	0.543904	0.974932	10.4472
11.6725	0.745463	315.2057291361489	0.565147	0.00558919	872952.	0.745984	0.545299	0.974948
10.3893	11.6055	0.745984	316.2057291361489	0.56437	0.00556923	874573.	0.746503	0.546691
0.974964	10.3318	11.539	0.746503	317.2057291361489	0.563595	0.00554935	876188.	0.747022
0.54808	0.97498	10.2747	11.4728	0.747022	318.2057291361489	0.562824	0.00552956	877797.
0.74754	0.549467	0.974996	10.2179	11.4071	0.74754	319.2057291361489	0.562055	0.00550985
879400.	0.748057	0.55085	0.975012	10.1614	11.3418	0.748057	320.2057291361489	0.561289
0.00549022	880998.	0.748573	0.55223	0.975027	10.1052	11.2769	0.748573	321.2057291361489
0.560525	0.00547067	882590.	0.749089	0.553607	0.975043	10.0494	11.2123	0.749089
322.2057291361489	0.559765	0.00545121	884177.	0.749604	0.554981	0.975059	9.99392	11.1482
0.749604	323.2057291361489	0.559007	0.00543183	885758.	0.750118	0.556352	0.975075	9.93876
11.0845	0.750118	324.2057291361489	0.558251	0.00541253	887333.	0.750631	0.557721	0.97509
9.88393	11.0211	0.750631	325.2057291361489	0.557499	0.00539331	888903.	0.751144	0.559086
0.975106	9.82942	10.9582	0.751144	326.2057291361489	0.556749	0.00537417	890467.	0.751656
0.560448	0.975122	9.77523	10.8956	0.751656	327.2057291361489	0.556002	0.00535511	892025.
0.752167	0.561807	0.975137	9.72137	10.8334	0.752167	328.2057291361489	0.555257	0.00533613
893578.	0.752677	0.563163	0.975153	9.66782	10.7716	0.752677	329.2057291361489	0.554515
0.00531722	895126.	0.753186	0.564516	0.975168	9.61459	10.7102	0.753186	330.2057291361489
0.553775	0.0052984	896668.	0.753695	0.565867	0.975184	9.56168	10.6491	0.753695
331.2057291361489	0.553039	0.00527966	898204.	0.754203	0.567214	0.975199	9.50907	10.5884
0.754203	332.2057291361489	0.552304	0.00526099	899735.	0.75471	0.568558	0.975214	9.45678
10.5281	0.75471	333.2057291361489	0.551573	0.0052424	901261.	0.755216	0.5699	0.97523
9.40479	10.4682	0.755216	334.2057291361489	0.550844	0.00522389	902781.	0.755722	0.571238
0.975245	9.35312	10.4086	0.755722	335.2057291361489	0.550117	0.00520545	904296.	0.756227
0.572573	0.97526	9.30174	10.3494	0.756227	336.2057291361489	0.549393	0.00518709	905806.
0.756731	0.573906	0.975276	9.25067	10.2906	0.756731	337.2057291361489	0.548672	0.00516881
907310.	0.757234	0.575236	0.975291	9.1999	10.2321	0.757234	338.2057291361489	0.547953
0.0051506	908809.	0.757736	0.576562	0.975306	9.14942	10.1739	0.757736	339.2057291361489
0.547236	0.00513247	910303.	0.758238	0.577886	0.975321	9.09925	10.1162	0.758238
340.2057291361489	0.546523	0.00511441	911791.	0.758739	0.579207	0.975336	9.04937	10.0587
0.758739	341.2057291361489	0.545811	0.00509643	913274.	0.759239	0.580525	0.975352	8.99978
10.0017	0.759239	342.2057291361489	0.545102	0.00507852	914752.	0.759738	0.58184	0.975367
8.95048	9.94493	0.759738	343.2057291361489	0.544396	0.00506069	916225.	0.760237	0.583152
0.975382	8.90147	9.88855	0.760237	344.2057291361489	0.543692	0.00504293	917693.	0.760735
0.584461	0.975397	8.85275	9.83251	0.760735	345.2057291361489	0.542991	0.00502524	919155.
0.761232	0.585768	0.975412	8.80431	9.77681	0.761232	346.2057291361489	0.542292	0.00500762
920612.	0.761728	0.587071	0.975427	8.75616	9.72144	0.761728	347.2057291361489	0.541595
0.00499008	922065.	0.762224	0.588372	0.975441	8.70829	9.66642	0.762224	348.2057291361489
0.540901	0.00497261	923512.	0.762718	0.589669	0.975456	8.6607	9.61172	0.762718
349.2057291361489	0.540209	0.00495521	924954.	0.763212	0.590964	0.975471	8.61339	9.55736
0.763212	350.2057291361489	0.53952	0.00493788	926391.	0.763706	0.592256	0.975486	8.56635
9.50333	0.763706	351.2057291361489	0.538833	0.00492062	927823.	0.764198	0.593545	0.975501
8.51959	9.44962	0.764198	352.2057291361489	0.538148	0.00490344	929250.	0.76469	0.594832
0.975515	8.47311	9.39624	0.76469	353.2057291361489	0.537466	0.00488632	930672.	0.765181
0.596115	0.97553	8.42689	9.34319	0.765181	354.2057291361489	0.536786	0.00486928	932089.
0.765671	0.597396	0.975545	8.38094	9.29045	0.765671	355.2057291361489	0.536109	0.0048523
933501.	0.76616	0.598674	0.975559	8.33527	9.23804	0.76616	356.2057291361489	0.535434
0.00483539	934908.	0.766649	0.599949	0.975574	8.28985	9.18594	0.766649	357.2057291361489
0.534761	0.00481855	936311.	0.767136	0.601221	0.975589	8.24471	9.13415	0.767136
358.2057291361489	0.534091	0.00480178	937708.	0.767623	0.60249	0.975603	8.19982	9.08268
0.767623	359.2057291361489	0.533423	0.00478508	939101.	0.76811	0.603757	0.975618	8.1552
9.03152	0.76811	360.2057291361489	0.532757	0.00476845	940488.	0.768595	0.60502	0.975632
8.11084	8.98066	0.768595	361.2057291361489	0.532093	0.00475188	941871.	0.76908	0.606281
0.975647	8.06673	8.93012	0.76908	362.2057291361489	0.531432	0.00473538	943249.	0.769564
0.607539	0.975661	8.02288	8.87988	0.769564	363.2057291361489	0.530773	0.00471895	944623.
0.770047	0.608795	0.975675	7.97929	8.82994	0.770047	364.2057291361489	0.530117	0.00470259
945991.	0.770529	0.610047	0.97569	7.93594	8.7803	0.770529	365.2057291361489	0.529462
0.00468629	947355.	0.771011	0.611297	0.975704	7.89286	8.73096	0.771011	366.2057291361489
0.52881	0.00467006	948714.	0.771492	0.612544	0.975718	7.85002	8.68192	0.771492
367.2057291361489	0.528161	0.00465389	950068.	0.771972	0.613788	0.975733	7.80742	8.63317
0.771972	368.2057291361489	0.527513	0.00463779	951418.	0.772451	0.61503	0.975747	7.76508
8.58471	0.772451	369.2057291361489	0.526868	0.00462175	952763.	0.77293	0.616268	0.975761
7.72298	8.53655	0.77293	370.2057291361489	0.526225	0.00460578	954104.	0.773408	0.617504
0.975775	7.68113	8.48868	0.773408	371.2057291361489	0.525584	0.00458987	955439.	0.773885
0.618737	0.975789	7.63951	8.44109	0.773885	372.2057291361489	0.524945	0.00457403	956770.
0.774361	0.619968	0.975803	7.59814	8.39379	0.774361	373.2057291361489	0.524308	0.00455825
958097.	0.774836	0.621196	0.975817	7.55701	8.34677	0.774836	374.2057291361489	0.523674
0.00454254	959419.	0.775311	0.622421	0.975832	7.51611	8.30003	0.775311	375.2057291361489
0.523042	0.00452689	960736.	0.775785	0.623643	0.975846	7.47545	8.25358	0.775785
376.2057291361489	0.522412	0.0045113	962049.	0.776258	0.624862	0.975859	7.43503	8.2074
0.776258	377.2057291361489	0.521784	0.00449577	963357.	0.776731	0.626079	0.975873	7.39484
8.1615	0.776731	378.2057291361489	0.521158	0.00448031	964661.	0.777202	0.627293	0.975887
7.35488	8.11587	0.777202	379.2057291361489	0.520535	0.0044649	965961.	0.777673	0.628505
0.975901	7.31515	8.07051	0.777673	380.2057291361489	0.519913	0.00444956	967256.	0.778143
0.629713	0.975915	7.27565	8.02543	0.778143	381.2057291361489	0.519294	0.00443428	968546.
0.778613	0.630919	0.975929	7.23638	7.98062	0.778613	382.2057291361489	0.518677	0.00441907
969832.	0.779081	0.632123	0.975943	7.19734	7.93607	0.779081	383.2057291361489	0.518062
0.00440391	971114.	0.779549	0.633323	0.975956	7.15851	7.89179	0.779549	384.2057291361489
0.517449	0.00438881	972391.	0.780016	0.634521	0.97597	7.11992	7.84777	0.780016
385.2057291361489	0.516838	0.00437378	973664.	0.780483	0.635716	0.975984	7.08154	7.80402
0.780483	386.2057291361489	0.516229	0.0043588	974932.	0.780948	0.636909	0.975998	7.04339
7.76053	0.780948	387.2057291361489	0.515623	0.00434388	976196.	0.781413	0.638099	0.976011
7.00545	7.71729	0.781413	388.2057291361489	0.515018	0.00432903	977456.	0.781877	0.639286
0.976025	6.96773	7.67432	0.781877	389.2057291361489	0.514415	0.00431423	978712.	0.78234
0.640471	0.976038	6.93023	7.6316	0.78234	390.2057291361489	0.513815	0.00429949	979963.
0.782803	0.641653	0.976052	6.89295	7.58913	0.782803	391.2057291361489	0.513216	0.00428481
981210.	0.783264	0.642832	0.976065	6.85587	7.54692	0.783264	392.2057291361489	0.51262
0.00427019	982452.	0.783725	0.644009	0.976079	6.81901	7.50495	0.783725	393.2057291361489
0.512025	0.00425563	983691.	0.784186	0.645183	0.976092	6.78237	7.46324	0.784186
394.2057291361489	0.511433	0.00424112	984925.	0.784645	0.646354	0.976106	6.74593	7.42177
0.784645	395.2057291361489	0.510843	0.00422667	986155.	0.785104	0.647523	0.976119	6.7097
7.38055	0.785104	396.2057291361489	0.510254	0.00421228	987381.	0.785562	0.648689	0.976133
6.67368	7.33958	0.785562	397.2057291361489	0.509668	0.00419795	988602.	0.786019	0.649853
0.976146	6.63786	7.29885	0.786019	398.2057291361489	0.509083	0.00418367	989820.	0.786475
0.651014	0.976159	6.60225	7.25836	0.786475	399.2057291361489	0.508501	0.00416945	991033.
0.786931	0.652172	0.976172	6.56684	7.21811	0.786931	400.2057291361489	0.507921	0.00415529
992242.	0.787386	0.653328	0.976186	6.53163	7.17809	0.787386	401.2057291361489	0.507342
0.00414118	993448.	0.78784	0.654481	0.976199	6.49663	7.13832	0.78784	402.2057291361489
0.506766	0.00412712	994649.	0.788293	0.655631	0.976212	6.46182	7.09878	0.788293
403.2057291361489	0.506191	0.00411313	995846.	0.788746	0.656779	0.976225	6.42722	7.05947
0.788746	404.2057291361489	0.505618	0.00409918	997038.	0.789198	0.657925	0.976238	6.39281
7.0204	0.789198	405.2057291361489	0.505048	0.0040853	998227.	0.789649	0.659068	0.976252
6.35859	6.98156	0.789649	406.2057291361489	0.504479	0.00407146	999412.	0.790099	0.660208
0.976265	6.32458	6.94294	0.790099	407.2057291361489	0.503912	0.00405769	1000593.	0.790548
0.661346	0.976278	6.29075	6.90456	0.790548	408.2057291361489	0.503347	0.00404396	1001770.
0.790997	0.662481	0.976291	6.25712	6.8664	0.790997	409.2057291361489	0.502784	0.00403029
1002943.	0.791445	0.663613	0.976304	6.22368	6.82846	0.791445	410.2057291361489	0.502223
0.00401668	1004112.	0.791893	0.664743	0.976317	6.19043	6.79075	0.791893	411.2057291361489
0.501663	0.00400311	1005276.	0.792339	0.665871	0.97633	6.15737	6.75327	0.792339
412.2057291361489	0.501106	0.0039896	1006437.	0.792785	0.666996	0.976342	6.12449	6.716
0.792785	413.2057291361489	0.500551	0.00397615	1007595.	0.79323	0.668118	0.976355	6.09181
6.67895	0.79323	414.2057291361489	0.499997	0.00396274	1008748.	0.793674	0.669238	0.976368
6.05931	6.64212	0.793674	415.2057291361489	0.499445	0.00394939	1009897.	0.794118	0.670355
0.976381	6.02699	6.60551	0.794118	416.2057291361489	0.498895	0.00393609	1011042.	0.794561
0.67147	0.976394	5.99486	6.56911	0.794561	417.2057291361489	0.498347	0.00392284	1012184.
0.795003	0.672582	0.976407	5.96291	6.53293	0.795003	418.2057291361489	0.497801	0.00390965
1013322.	0.795444	0.673692	0.976419	5.93114	6.49696	0.795444	419.2057291361489	0.497256
0.0038965	1014456.	0.795884	0.674799	0.976432	5.89955	6.4612	0.795884	420.2057291361489
0.496714	0.00388341	1015586.	0.796324	0.675904	0.976445	5.86813	6.42565	0.796324
421.2057291361489	0.496173	0.00387037	1016712.	0.796763	0.677007	0.976457	5.8369	6.39031
0.796763	422.2057291361489	0.495634	0.00385737	1017834.	0.797201	0.678106	0.97647	5.80584
6.35517	0.797201	423.2057291361489	0.495097	0.00384443	1018953.	0.797639	0.679204	0.976482
5.77496	6.32025	0.797639	424.2057291361489	0.494561	0.00383154	1020068.	0.798076	0.680298
0.976495	5.74426	6.28552	0.798076	424.58205643844394	0.49436	0.0038267	1020487.	0.79824
0.68071	0.976499	5.73275	6.27251	0.79824	425.58205643844394	0.493827	0.00381388	1021597.
0.798676	0.681801	0.976512	5.70228	6.23806	0.798676	426.58205643844394	0.493296	0.00380111
1022703.	0.799111	0.68289	0.976525	5.67198	6.20382	0.799111	427.58205643844394	0.492767
0.00378839	1023806.	0.799545	0.683977	0.976537	5.64186	6.16978	0.799545	428.58205643844394
0.492239	0.00377571	1024904.	0.799978	0.685061	0.976549	5.6119	6.13594	0.799978
429.58205643844394	0.491713	0.00376309	1025999.	0.800411	0.686142	0.976562	5.58212	6.10229
0.800411	430.58205643844394	0.491189	0.00375051	1027091.	0.800843	0.687222	0.976574	5.5525
6.06885	0.800843	431.58205643844394	0.490667	0.00373799	1028179.	0.801274	0.688298	0.976587
5.52305	6.03559	0.801274	432.58205643844394	0.490146	0.00372551	1029263.	0.801705	0.689373
0.976599	5.49376	6.00253	0.801705	433.58205643844394	0.489627	0.00371308	1030343.	0.802135
0.690444	0.976611	5.46464	5.96967	0.802135	434.58205643844394	0.48911	0.00370069	1031420.
0.802564	0.691514	0.976624	5.43568	5.937	0.802564	435.58205643844394	0.488595	0.00368836
1032493.	0.802992	0.692581	0.976636	5.40689	5.90451	0.802992	436.58205643844394	0.488081
0.00367607	1033563.	0.803419	0.693645	0.976648	5.37826	5.87222	0.803419	437.58205643844394
0.487569	0.00366383	1034629.	0.803846	0.694707	0.97666	5.34979	5.84011	0.803846
438.58205643844394	0.487058	0.00365164	1035692.	0.804272	0.695767	0.976672	5.32148	5.80819
0.804272	439.58205643844394	0.48655	0.0036395	1036751.	0.804698	0.696824	0.976685	5.29333
5.77646	0.804698	440.58205643844394	0.486043	0.0036274	1037807.	0.805122	0.697879	0.976697
5.26533	5.74491	0.805122	441.58205643844394	0.485538	0.00361534	1038859.	0.805546	0.698932
0.976709	5.2375	5.71355	0.805546	442.58205643844394	0.485034	0.00360334	1039907.	0.805969
0.699982	0.976721	5.20982	5.68237	0.805969	443.58205643844394	0.484532	0.00359138	1040952.
0.806391	0.70103	0.976733	5.18229	5.65137	0.806391	444.58205643844394	0.484032	0.00357946
1041994.	0.806813	0.702075	0.976745	5.15492	5.62054	0.806813	445.58205643844394	0.483533
0.00356759	1043032.	0.807234	0.703118	0.976757	5.1277	5.5899	0.807234	446.58205643844394
0.483036	0.00355577	1044067.	0.807654	0.704159	0.976769	5.10064	5.55944	0.807654
447.58205643844394	0.482541	0.00354399	1045098.	0.808073	0.705197	0.976781	5.07372	5.52915
0.808073	448.58205643844394	0.482047	0.00353226	1046126.	0.808492	0.706233	0.976793	5.04696
5.49904	0.808492	449.58205643844394	0.481555	0.00352057	1047150.	0.80891	0.707266	0.976805
5.02035	5.4691	0.80891	450.58205643844394	0.481064	0.00350893	1048171.	0.809327	0.708297
0.976816	4.99388	5.43934	0.809327	451.58205643844394	0.480576	0.00349733	1049189.	0.809743
0.709326	0.976828	4.96757	5.40975	0.809743	452.58205643844394	0.480088	0.00348577	1050204.
0.810159	0.710353	0.97684	4.9414	5.38033	0.810159	453.58205643844394	0.479603	0.00347426
1051215.	0.810574	0.711377	0.976852	4.91537	5.35108	0.810574	454.58205643844394	0.479119
0.0034628	1052222.	0.810988	0.712398	0.976863	4.88949	5.322	0.810988	455.58205643844394
0.478636	0.00345137	1053227.	0.811402	0.713418	0.976875	4.86376	5.29308	0.811402
456.58205643844394	0.478155	0.00343999	1054228.	0.811814	0.714435	0.976887	4.83817	5.26434
0.811814	457.58205643844394	0.477676	0.00342865	1055225.	0.812226	0.71545	0.976899	4.81272
5.23576	0.812226	458.58205643844394	0.477198	0.00341736	1056220.	0.812638	0.716462	0.97691
4.78742	5.20734	0.812638	459.58205643844394	0.476722	0.00340611	1057211.	0.813048	0.717472
0.976922	4.76225	5.17909	0.813048	460.58205643844394	0.476248	0.0033949	1058199.	0.813458
0.71848	0.976933	4.73723	5.15101	0.813458	461.58205643844394	0.475775	0.00338374	1059183.
0.813867	0.719486	0.976945	4.71234	5.12308	0.813867	462.58205643844394	0.475303	0.00337261
1060165.	0.814276	0.720489	0.976956	4.68759	5.09532	0.814276	463.58205643844394	0.474833
0.00336153	1061143.	0.814683	0.72149	0.976968	4.66299	5.06771	0.814683	464.58205643844394
0.474365	0.00335049	1062118.	0.81509	0.722489	0.976979	4.63851	5.04027	0.81509
465.58205643844394	0.473898	0.00333949	1063090.	0.815496	0.723485	0.976991	4.61418	5.01298
0.815496	466.58205643844394	0.473433	0.00332854	1064058.	0.815902	0.724479	0.977002	4.58998
4.98585	0.815902	467.58205643844394	0.472969	0.00331762	1065024.	0.816306	0.725471	0.977014
4.56591	4.95888	0.816306	468.58205643844394	0.472507	0.00330675	1065986.	0.81671	0.726461
0.977025	4.54197	4.93206	0.81671	469.58205643844394	0.472046	0.00329592	1066945.	0.817114
0.727448	0.977036	4.51817	4.90539	0.817114	470.58205643844394	0.471587	0.00328512	1067901.
0.817516	0.728433	0.977048	4.49451	4.87888	0.817516	471.58205643844394	0.471129	0.00327437
1068854.	0.817918	0.729416	0.977059	4.47097	4.85252	0.817918	472.58205643844394	0.470672
0.00326366	1069803.	0.818319	0.730396	0.97707	4.44756	4.82632	0.818319	473.58205643844394
0.470218	0.00325299	1070750.	0.818719	0.731374	0.977082	4.42428	4.80026	0.818719
474.58205643844394	0.469764	0.00324236	1071694.	0.819119	0.73235	0.977093	4.40114	4.77435
0.819119	475.58205643844394	0.469313	0.00323177	1072634.	0.819518	0.733324	0.977104	4.37812
4.74859	0.819518	476.58205643844394	0.468862	0.00322122	1073571.	0.819916	0.734296	0.977115
4.35522	4.72298	0.819916	477.58205643844394	0.468413	0.00321071	1074506.	0.820314	0.735265
0.977126	4.33246	4.69751	0.820314	478.58205643844394	0.467966	0.00320024	1075437.	0.82071
0.736232	0.977137	4.30982	4.67219	0.82071	479.58205643844394	0.46752	0.0031898	1076365.
0.821106	0.737197	0.977149	4.2873	4.64702	0.821106	480.58205643844394	0.467075	0.00317941
1077290.	0.821502	0.73816	0.97716	4.26491	4.62199	0.821502	481.58205643844394	0.466632
0.00316906	1078212.	0.821896	0.73912	0.977171	4.24264	4.5971	0.821896	482.58205643844394
0.46619	0.00315874	1079132.	0.82229	0.740078	0.977182	4.2205	4.57236	0.82229
483.58205643844394	0.46575	0.00314846	1080048.	0.822683	0.741034	0.977193	4.19848	4.54775
0.822683	484.58205643844394	0.465311	0.00313822	1080961.	0.823076	0.741988	0.977204	4.17657
4.52329	0.823076	485.58205643844394	0.464874	0.00312802	1081871.	0.823468	0.74294	0.977215
4.15479	4.49897	0.823468	486.58205643844394	0.464438	0.00311786	1082778.	0.823859	0.743889
0.977225	4.13313	4.47478	0.823859	487.58205643844394	0.464003	0.00310773	1083683.	0.824249
0.744837	0.977236	4.11159	4.45074	0.824249	488.58205643844394	0.46357	0.00309765	1084584.
0.824638	0.745782	0.977247	4.09017	4.42683	0.824638	489.58205643844394	0.463139	0.0030876
1085482.	0.825027	0.746725	0.977258	4.06887	4.40306	0.825027	490.58205643844394	0.462708
0.00307758	1086378.	0.825415	0.747665	0.977269	4.04768	4.37942	0.825415	491.58205643844394
0.462279	0.00306761	1087271.	0.825803	0.748604	0.97728	4.02661	4.35592	0.825803
492.58205643844394	0.461852	0.00305767	1088160.	0.82619	0.74954	0.977291	4.00566	4.33255
0.82619	493.58205643844394	0.461425	0.00304777	1089047.	0.826576	0.750474	0.977301	3.98482
4.30931	0.826576	494.58205643844394	0.461001	0.0030379	1089931.	0.826961	0.751407	0.977312
3.96409	4.28621	0.826961	495.58205643844394	0.460577	0.00302808	1090812.	0.827346	0.752336
0.977323	3.94348	4.26324	0.827346	496.58205643844394	0.460155	0.00301829	1091691.	0.827729
0.753264	0.977333	3.92298	4.2404	0.827729	497.58205643844394	0.459734	0.00300853	1092566.
0.828113	0.75419	0.977344	3.9026	4.21768	0.828113	498.58205643844394	0.459315	0.00299881
1093439.	0.828495	0.755113	0.977355	3.88232	4.1951	0.828495	499.58205643844394	0.458897
0.00298913	1094308.	0.828877	0.756035	0.977365	3.86216	4.17265	0.828877	500.58205643844394
0.45848	0.00297948	1095175.	0.829258	0.756954	0.977376	3.84211	4.15032	0.829258
501.58205643844394	0.458065	0.00296987	1096040.	0.829638	0.757871	0.977386	3.82217	4.12812
0.829638	502.58205643844394	0.457651	0.00296029	1096901.	0.830018	0.758786	0.977397	3.80234
4.10605	0.830018	503.58205643844394	0.457238	0.00295075	1097760.	0.830397	0.759699	0.977407
3.78261	4.0841	0.830397	504.58205643844394	0.456827	0.00294124	1098615.	0.830775	0.76061
0.977418	3.763	4.06227	0.830775	505.58205643844394	0.456417	0.00293177	1099469.	0.831153
0.761518	0.977428	3.74349	4.04057	0.831153	506.58205643844394	0.456008	0.00292234	1100319.
0.831529	0.762425	0.977439	3.72408	4.01899	0.831529	507.58205643844394	0.455601	0.00291294
1101167.	0.831906	0.763329	0.977449	3.70479	3.99754	0.831906	508.58205643844394	0.455195
0.00290357	1102011.	0.832281	0.764232	0.97746	3.6856	3.9762	0.832281	509.58205643844394
0.45479	0.00289424	1102854.	0.832656	0.765132	0.97747	3.66651	3.95499	0.832656
510.58205643844394	0.454386	0.00288494	1103693.	0.83303	0.76603	0.97748	3.64753	3.93389
0.83303	511.58205643844394	0.453984	0.00287567	1104530.	0.833403	0.766926	0.977491	3.62865
3.91292	0.833403	512.5820564384439	0.453583	0.00286644	1105364.	0.833776	0.767821	0.977501
3.60988	3.89206	0.833776	513.5820564384439	0.453184	0.00285725	1106195.	0.834148	0.768712
0.977511	3.59121	3.87132	0.834148	514.5820564384439	0.452785	0.00284808	1107024.	0.834519
0.769602	0.977522	3.57264	3.8507	0.834519	515.5820564384439	0.452388	0.00283896	1107850.
0.834889	0.77049	0.977532	3.55417	3.8302	0.834889	516.5820564384439	0.451992	0.00282986
1108674.	0.835259	0.771376	0.977542	3.5358	3.80981	0.835259	517.5820564384439	0.451598
0.0028208	1109494.	0.835628	0.77226	0.977552	3.51753	3.78953	0.835628	518.5820564384439
0.451204	0.00281177	1110313.	0.835997	0.773141	0.977562	3.49936	3.76937	0.835997
519.5820564384439	0.450812	0.00280277	1111128.	0.836365	0.774021	0.977572	3.48129	3.74933
0.836365	520.5820564384439	0.450422	0.00279381	1111941.	0.836732	0.774899	0.977583	3.46332
3.72939	0.836732	521.5820564384439	0.450032	0.00278488	1112751.	0.837098	0.775774	0.977593
3.44544	3.70957	0.837098	522.5820564384439	0.449644	0.00277598	1113559.	0.837464	0.776648
0.977603	3.42767	3.68986	0.837464	523.5820564384439	0.449257	0.00276711	1114364.	0.837829
0.777519	0.977613	3.40999	3.67026	0.837829	524.5820564384439	0.448871	0.00275828	1115167.
0.838193	0.778389	0.977623	3.3924	3.65077	0.838193	525.5820564384439	0.448486	0.00274948
1115967.	0.838557	0.779256	0.977633	3.37491	3.63139	0.838557	526.5820564384439	0.448103
0.00274071	1116764.	0.83892	0.780121	0.977643	3.35752	3.61212	0.83892	527.5820564384439
0.447721	0.00273197	1117559.	0.839282	0.780985	0.977653	3.34022	3.59296	0.839282
528.5820564384439	0.44734	0.00272327	1118352.	0.839643	0.781846	0.977663	3.32301	3.57391
0.839643	529.5820564384439	0.44696	0.00271459	1119142.	0.840004	0.782706	0.977673	3.3059
3.55496	0.840004	530.5820564384439	0.446581	0.00270595	1119929.	0.840364	0.783563	0.977682
3.28888	3.53612	0.840364	531.5820564384439	0.446204	0.00269734	1120714.	0.840724	0.784418
0.977692	3.27195	3.51738	0.840724	532.5820564384439	0.445828	0.00268876	1121496.	0.841083
0.785272	0.977702	3.25512	3.49875	0.841083	533.5820564384439	0.445453	0.00268021	1122276.
0.841441	0.786123	0.977712	3.23837	3.48023	0.841441	534.5820564384439	0.445079	0.00267169
1123054.	0.841798	0.786973	0.977722	3.22172	3.4618	0.841798	535.5820564384439	0.444707
0.0026632	1123829.	0.842155	0.78782	0.977732	3.20516	3.44348	0.842155	536.5820564384439
0.444335	0.00265474	1124601.	0.842511	0.788666	0.977741	3.18868	3.42527	0.842511
537.5820564384439	0.443965	0.00264632	1125371.	0.842867	0.789509	0.977751	3.1723	3.40715
0.842867	538.5820564384439	0.443596	0.00263792	1126139.	0.843221	0.790351	0.977761	3.156
3.38914	0.843221	539.5820564384439	0.443228	0.00262956	1126904.	0.843575	0.79119	0.97777
3.13979	3.37123	0.843575	540.5820564384439	0.442861	0.00262122	1127666.	0.843929	0.792028
0.97778	3.12367	3.35341	0.843929	541.5820564384439	0.442496	0.00261292	1128427.	0.844281
0.792863	0.97779	3.10764	3.3357	0.844281	542.5820564384439	0.442131	0.00260464	1129185.
0.844633	0.793697	0.977799	3.09169	3.31809	0.844633	543.5820564384439	0.441768	0.00259639
1129940.	0.844985	0.794529	0.977809	3.07583	3.30057	0.844985	544.5820564384439	0.441406
0.00258818	1130693.	0.845335	0.795359	0.977818	3.06005	3.28315	0.845335	545.5820564384439
0.441045	0.00257999	1131444.	0.845685	0.796187	0.977828	3.04436	3.26583	0.845685
546.5820564384439	0.440685	0.00257183	1132192.	0.846035	0.797012	0.977838	3.02876	3.24861
0.846035	547.5820564384439	0.440327	0.00256371	1132938.	0.846383	0.797836	0.977847	3.01324
3.23148	0.846383	548.5820564384439	0.439969	0.00255561	1133682.	0.846731	0.798659	0.977857
2.9978	3.21445	0.846731	549.5820564384439	0.439613	0.00254754	1134423.	0.847079	0.799479
0.977866	2.98244	3.19751	0.847079	550.5820564384439	0.439257	0.0025395	1135162.	0.847425
0.800297	0.977875	2.96717	3.18066	0.847425	551.5820564384439	0.438903	0.00253148	1135899.
0.847771	0.801113	0.977885	2.95198	3.16391	0.847771	552.5820564384439	0.43855	0.0025235
1136633.	0.848117	0.801928	0.977894	2.93687	3.14726	0.848117	553.5820564384439	0.438198
0.00251555	1137365.	0.848461	0.80274	0.977904	2.92184	3.13069	0.848461	554.5820564384439
0.437847	0.00250762	1138094.	0.848805	0.803551	0.977913	2.9069	3.11422	0.848805
555.5820564384439	0.437497	0.00249972	1138822.	0.849148	0.80436	0.977922	2.89203	3.09784
0.849148	556.5820564384439	0.437149	0.00249185	1139547.	0.849491	0.805166	0.977932	2.87725
3.08155	0.849491	557.5820564384439	0.436801	0.00248401	1140270.	0.849833	0.805971	0.977941
2.86254	3.06535	0.849833	558.5820564384439	0.436455	0.0024762	1140990.	0.850174	0.806774
0.97795	2.84791	3.04924	0.850174	559.5820564384439	0.436109	0.00246841	1141708.	0.850515
0.807575	0.97796	2.83336	3.03322	0.850515	560.5820564384439	0.435765	0.00246065	1142424.
0.850855	0.808375	0.977969	2.81889	3.01729	0.850855	561.5820564384439	0.435422	0.00245292
1143138.	0.851194	0.809172	0.977978	2.8045	3.00145	0.851194	562.5820564384439	0.43508
0.00244522	1143850.	0.851533	0.809968	0.977987	2.79018	2.98569	0.851533	563.5820564384439
0.434738	0.00243754	1144559.	0.851871	0.810761	0.977996	2.77594	2.97003	0.851871
564.5820564384439	0.434398	0.00242989	1145266.	0.852208	0.811553	0.978005	2.76178	2.95445
0.852208	565.5820564384439	0.434059	0.00242227	1145971.	0.852545	0.812343	0.978015	2.74769
2.93895	0.852545	566.5820564384439	0.433722	0.00241468	1146673.	0.852881	0.813131	0.978024
2.73368	2.92354	0.852881	567.5820564384439	0.433385	0.00240711	1147374.	0.853216	0.813917
0.978033	2.71974	2.90822	0.853216	568.5820564384439	0.433049	0.00239957	1148072.	0.853551
0.814702	0.978042	2.70588	2.89298	0.853551	569.5820564384439	0.432714	0.00239206	1148768.
0.853885	0.815484	0.978051	2.69209	2.87783	0.853885	570.5820564384439	0.43238	0.00238457
1149462.	0.854218	0.816265	0.97806	2.67837	2.86276	0.854218	571.5820564384439	0.432048
0.00237711	1150153.	0.854551	0.817044	0.978069	2.66473	2.84777	0.854551	572.5820564384439
0.431716	0.00236967	1150843.	0.854883	0.817821	0.978078	2.65116	2.83286	0.854883
573.5820564384439	0.431386	0.00236227	1151530.	0.855214	0.818596	0.978087	2.63767	2.81804
0.855214	574.5820564384439	0.431056	0.00235488	1152215.	0.855545	0.819369	0.978096	2.62424
2.8033	0.855545	575.5820564384439	0.430728	0.00234753	1152899.	0.855875	0.820141	0.978105
2.61089	2.78864	0.855875	576.5820564384439	0.4304	0.0023402	1153579.	0.856205	0.820911
0.978114	2.59761	2.77406	0.856205	577.5820564384439	0.430074	0.00233289	1154258.	0.856534
0.821679	0.978123	2.5844	2.75957	0.856534	578.5820564384439	0.429748	0.00232562	1154935.
0.856862	0.822445	0.978131	2.57126	2.74515	0.856862	579.5820564384439	0.429424	0.00231836
1155610.	0.857189	0.823209	0.97814	2.55819	2.73081	0.857189	580.5820564384439	0.4291
0.00231114	1156282.	0.857516	0.823972	0.978149	2.54519	2.71655	0.857516	581.5820564384439
0.428778	0.00230393	1156952.	0.857842	0.824732	0.978158	2.53226	2.70237	0.857842
582.5820564384439	0.428456	0.00229676	1157621.	0.858168	0.825491	0.978167	2.51939	2.68827
0.858168	583.5820564384439	0.428136	0.00228961	1158287.	0.858493	0.826248	0.978175	2.5066
2.67424	0.858493	584.5820564384439	0.427816	0.00228248	1158951.	0.858817	0.827004	0.978184
2.49387	2.66029	0.858817	585.5820564384439	0.427498	0.00227538	1159613.	0.859141	0.827757
0.978193	2.48122	2.64642	0.859141	586.5820564384439	0.42718	0.0022683	1160273.	0.859464
0.828509	0.978202	2.46863	2.63263	0.859464	587.5820564384439	0.426864	0.00226125	1160931.
0.859786	0.829259	0.97821	2.4561	2.61891	0.859786	588.5820564384439	0.426548	0.00225423
1161587.	0.860108	0.830007	0.978219	2.44365	2.60526	0.860108	589.5820564384439	0.426234
0.00224722	1162241.	0.860429	0.830754	0.978227	2.43125	2.59169	0.860429	590.5820564384439
0.42592	0.00224025	1162893.	0.86075	0.831499	0.978236	2.41893	2.5782	0.86075
591.5820564384439	0.425608	0.00223329	1163542.	0.861069	0.832242	0.978245	2.40667	2.56478
0.861069	592.5820564384439	0.425296	0.00222637	1164190.	0.861389	0.832983	0.978253	2.39447
2.55143	0.861389	593.5820564384439	0.424985	0.00221946	1164836.	0.861707	0.833722	0.978262
2.38234	2.53815	0.861707	594.5820564384439	0.424676	0.00221258	1165480.	0.862025	0.83446
0.97827	2.37028	2.52495	0.862025	595.5820564384439	0.424367	0.00220572	1166122.	0.862342
0.835196	0.978279	2.35828	2.51182	0.862342	596.5820564384439	0.424059	0.00219889	1166761.
0.862659	0.83593	0.978287	2.34634	2.49877	0.862659	597.5820564384439	0.423752	0.00219208
1167399.	0.862975	0.836663	0.978296	2.33447	2.48578	0.862975	598.5820564384439	0.423447
0.0021853	1168035.	0.86329	0.837393	0.978304	2.32265	2.47287	0.86329	599.5820564384439
0.423142	0.00217854	1168669.	0.863605	0.838122	0.978313	2.3109	2.46002	0.863605
600.5820564384439	0.422838	0.0021718	1169301.	0.863919	0.83885	0.978321	2.29922	2.44725
0.863919	601.5820564384439	0.422535	0.00216508	1169931.	0.864233	0.839575	0.97833	2.28759
2.43454	0.864233	602.5820564384439	0.422232	0.00215839	1170559.	0.864545	0.840299	0.978338
2.27603	2.42191	0.864545	603.5820564384439	0.421931	0.00215173	1171185.	0.864858	0.841021
0.978346	2.26453	2.40934	0.864858	604.5820564384439	0.421631	0.00214508	1171809.	0.865169
0.841742	0.978355	2.25308	2.39685	0.865169	605.5820564384439	0.421332	0.00213846	1172431.
0.86548	0.842461	0.978363	2.2417	2.38442	0.86548	606.5820564384439	0.421033	0.00213186
1173052.	0.865791	0.843178	0.978371	2.23038	2.37206	0.865791	607.5820564384439	0.420736
0.00212529	1173670.	0.8661	0.843893	0.97838	2.21912	2.35976	0.8661	608.5820564384439
0.420439	0.00211873	1174286.	0.866409	0.844607	0.978388	2.20792	2.34754	0.866409
609.5820564384439	0.420143	0.0021122	1174901.	0.866718	0.845318	0.978396	2.19678	2.33538
0.866718	610.5820564384439	0.419849	0.0021057	1175514.	0.867026	0.846029	0.978404	2.18569
2.32329	0.867026	611.5820564384439	0.419555	0.00209921	1176124.	0.867333	0.846737	0.978413
2.17467	2.31126	0.867333	612.5820564384439	0.419262	0.00209275	1176733.	0.86764	0.847444
0.978421	2.1637	2.2993	0.86764	613.5820564384439	0.41897	0.00208631	1177340.	0.867945
0.848149	0.978429	2.15279	2.2874	0.867945	614.5820564384439	0.418679	0.00207989	1177946.
0.868251	0.848853	0.978437	2.14194	2.27557	0.868251	615.5820564384439	0.418388	0.00207349
1178549.	0.868556	0.849555	0.978445	2.13114	2.2638	0.868556	616.5820564384439	0.418099
0.00206712	1179150.	0.86886	0.850255	0.978453	2.12041	2.25209	0.86886	617.5820564384439
0.41781	0.00206077	1179750.	0.869163	0.850954	0.978461	2.10972	2.24045	0.869163
618.5820564384439	0.417523	0.00205444	1180348.	0.869466	0.85165	0.978469	2.0991	2.22888
0.869466	619.5820564384439	0.417236	0.00204813	1180944.	0.869768	0.852346	0.978478	2.08853
2.21736	0.869768	620.5820564384439	0.41695	0.00204184	1181538.	0.87007	0.853039	0.978486
2.07802	2.20591	0.87007	621.5820564384439	0.416665	0.00203558	1182130.	0.870371	0.853731
0.978494	2.06756	2.19452	0.870371	622.5820564384439	0.416381	0.00202934	1182720.	0.870672
0.854421	0.978502	2.05715	2.18319	0.870672	623.5820564384439	0.416098	0.00202311	1183309.
0.870971	0.85511	0.97851	2.04681	2.17193	0.870971	624.5820564384439	0.415816	0.00201691
1183896.	0.871271	0.855797	0.978518	2.03651	2.16072	0.871271	625.5820564384439	0.415534
0.00201073	1184481.	0.871569	0.856482	0.978525	2.02627	2.14958	0.871569	626.5820564384439
0.415253	0.00200458	1185064.	0.871867	0.857166	0.978533	2.01609	2.13849	0.871867
627.5820564384439	0.414974	0.00199844	1185646.	0.872165	0.857848	0.978541	2.00595	2.12747
0.872165	628.5820564384439	0.414695	0.00199232	1186225.	0.872462	0.858529	0.978549	1.99587
2.11651	0.872462	629.5820564384439	0.414417	0.00198623	1186803.	0.872758	0.859207	0.978557
1.98585	2.1056	0.872758	630.5820564384439	0.414139	0.00198015	1187379.	0.873053	0.859885
0.978565	1.97587	2.09476	0.873053	631.5820564384439	0.413863	0.0019741	1187954.	0.873348
0.86056	0.978573	1.96595	2.08397	0.873348	632.5820564384439	0.413587	0.00196807	1188526.
0.873643	0.861234	0.978581	1.95608	2.07324	0.873643	633.5820564384439	0.413313	0.00196206
1189097.	0.873936	0.861907	0.978588	1.94626	2.06257	0.873936	634.5820564384439	0.413039
0.00195607	1189666.	0.87423	0.862578	0.978596	1.9365	2.05196	0.87423	635.5820564384439
0.412766	0.0019501	1190234.	0.874522	0.863247	0.978604	1.92678	2.0414	0.874522
636.5820564384439	0.412494	0.00194414	1190800.	0.874814	0.863914	0.978612	1.91711	2.0309
0.874814	637.5820564384439	0.412222	0.00193821	1191363.	0.875105	0.86458	0.978619	1.9075
2.02046	0.875105	638.5820564384439	0.411952	0.0019323	1191926.	0.875396	0.865245	0.978627
1.89794	2.01007	0.875396	639.5820564384439	0.411682	0.00192641	1192486.	0.875686	0.865908
0.978635	1.88842	1.99974	0.875686	640.5820564384439	0.411413	0.00192055	1193045.	0.875976
0.866569	0.978643	1.87896	1.98947	0.875976	641.5820564384439	0.411145	0.0019147	1193602.
0.876265	0.867229	0.97865	1.86954	1.97925	0.876265	642.5820564384439	0.410878	0.00190887
1194157.	0.876553	0.867887	0.978658	1.86018	1.96909	0.876553	643.5820564384439	0.410611
0.00190306	1194711.	0.876841	0.868543	0.978665	1.85086	1.95898	0.876841	644.5820564384439
0.410345	0.00189727	1195263.	0.877128	0.869198	0.978673	1.84159	1.94893	0.877128
645.5820564384439	0.410081	0.00189149	1195814.	0.877415	0.869852	0.978681	1.83238	1.93893
0.877415	646.5820564384439	0.409817	0.00188574	1196362.	0.877701	0.870503	0.978688	1.8232
1.92898	0.877701	647.5820564384439	0.409553	0.00188001	1196909.	0.877986	0.871154	0.978696
1.81408	1.91909	0.877986	648.5820564384439	0.409291	0.0018743	1197455.	0.878271	0.871802
0.978703	1.805	1.90925	0.878271	649.5820564384439	0.409029	0.00186861	1197998.	0.878555
0.87245	0.978711	1.79598	1.89946	0.878555	650.5820564384439	0.408768	0.00186293	1198540.
0.878839	0.873095	0.978718	1.787	1.88973	0.878839	651.5820564384439	0.408508	0.00185728
1199081.	0.879122	0.873739	0.978726	1.77806	1.88005	0.879122	652.5820564384439	0.408249
0.00185164	1199619.	0.879405	0.874382	0.978733	1.76917	1.87042	0.879405	653.5820564384439
0.40799	0.00184603	1200157.	0.879687	0.875023	0.978741	1.76033	1.86084	0.879687
654.5820564384439	0.407733	0.00184043	1200692.	0.879968	0.875662	0.978748	1.75154	1.85131
0.879968	655.5820564384439	0.407476	0.00183485	1201226.	0.880249	0.8763	0.978756	1.74279
1.84184	0.880249	656.5820564384439	0.40722	0.00182929	1201758.	0.880529	0.876937	0.978763
1.73408	1.83241	0.880529	657.5820564384439	0.406964	0.00182375	1202289.	0.880808	0.877572
0.97877	1.72542	1.82304	0.880808	658.5820564384439	0.40671	0.00181823	1202818.	0.881087
0.878205	0.978778	1.71681	1.81371	0.881087	659.5820564384439	0.406456	0.00181273	1203345.
0.881366	0.878837	0.978785	1.70824	1.80444	0.881366	660.5820564384439	0.406203	0.00180724
1203871.	0.881644	0.879467	0.978792	1.69971	1.79522	0.881644	661.5820564384439	0.40595
0.00180178	1204395.	0.881921	0.880096	0.9788	1.69123	1.78604	0.881921	662.5820564384439
0.405699	0.00179633	1204918.	0.882197	0.880723	0.978807	1.6828	1.77692	0.882197