t	Ns	Ni	Dead_pi_0.0062	A	LogRS	Rt	DiscHealthCost	DiscTotalCost
0.	0.999938	0.0000527002	19.8467	0.999133	1.85456	6.38851	0.0709433	0.0709895
0.999133	1.	0.999916	0.0000710847	26.7873	0.998838	1.85397	6.3846	0.0955033
0.0955862	0.998838	2.	0.999886	0.0000958592	36.1484	0.998443	1.85318	6.37936
0.128534	0.128683	0.998443	3.	0.999847	0.000129224	48.7695	0.997915	1.85212
6.37236	0.172931	0.173197	0.997915	4.	0.999794	0.000174122	65.7793	0.997209
1.85071	6.36302	0.232555	0.233031	0.997209	5.	0.999722	0.000234478	88.6913
0.996269	1.84882	6.35057	0.312548	0.313398	0.996269	6.	0.999626	0.000315505
119.534	0.99502	1.84631	6.33404	0.419725	0.421237	0.99502	7.	0.999497
0.000424082	161.013	0.993364	1.84298	6.31216	0.563056	0.565739	0.993364	8.
0.999324	0.000569228	216.728	0.991179	1.83858	6.28334	0.754278	0.759015	0.991179
9.	0.999094	0.000762648	291.442	0.988312	1.83279	6.24561	1.00859	1.0169
0.988312	10.	0.998788	0.00101935	391.424	0.984578	1.82521	6.1966	1.34541
1.3599	0.984578	11.	0.998384	0.00135824	524.853	0.979757	1.8154	6.13358
1.78917	1.81416	0.979757	12.	0.997852	0.00180264	702.289	0.973606	1.8028
6.05359	2.36989	2.41247	0.973606	13.	0.997159	0.00238056	937.193	0.96587
1.78685	5.95362	3.1235	3.19493	0.96587	14.	0.996263	0.00312442	1246.44
0.956305	1.76694	5.83105	4.09142	4.20901	0.956305	15.	0.995118	0.00407013
1650.79	0.94472	1.74256	5.68409	5.31933	5.50865	0.94472	16.	0.993675
0.00525533	2175.14	0.931007	1.71332	5.51227	6.85476	7.15184	0.931007	17.
0.991882	0.00671672	2848.67	0.915183	1.67904	5.31687	8.74365	9.19669	0.915183
18.	0.989692	0.00848683	3704.46	0.897407	1.63981	5.10104	11.0261	11.696
0.897407	19.	0.987059	0.0105907	4778.9	0.877972	1.59602	4.86951	13.7324
14.6913	0.877972	20.	0.983952	0.0130433	6110.64	0.857281	1.54832	4.62807
16.8793	18.2079	0.857281	21.	0.980347	0.0158477	7739.37	0.835791	1.49754
4.38283	20.468	22.2511	0.835791	22.	0.976233	0.018995	9704.43	0.813964
1.44462	4.13947	24.4845	26.8057	0.813964	23.	0.971612	0.0224654	12043.5
0.792223	1.39047	3.90272	28.9008	31.8378	0.792223	24.	0.966497	0.0262297
14791.7	0.77092	1.33596	3.6762	33.6769	37.2977	0.77092	25.	0.960906
0.0302522	17980.	0.750328	1.28181	3.46229	38.7648	43.125	0.750328	26.
0.954869	0.0344925	21635.5	0.730638	1.22862	3.26233	44.1112	49.2529	0.730638
27.	0.948415	0.0389082	25780.4	0.711972	1.17686	3.07683	49.6604	55.6119
0.711972	28.	0.941579	0.0434568	30432.	0.694393	1.12686	2.90568	55.3565
62.1334	0.694393	29.	0.934396	0.0480963	35603.1	0.677921	1.07885	2.74833
61.1457	68.7518	0.677921	30.	0.926903	0.0527871	41301.6	0.662542	1.03295
2.604	66.977	75.406	0.662542	31.	0.919135	0.0574923	47531.2	0.648222
0.989253	2.47176	72.8033	82.0403	0.648222	32.	0.911125	0.062178	54291.6
0.634913	0.947762	2.35064	78.5817	88.605	0.634913	33.	0.902906	0.0668138
61578.8	0.622558	0.908461	2.23966	84.2741	95.0562	0.622558	34.	0.894508
0.0713724	69385.6	0.611098	0.871301	2.13789	89.8466	101.356	0.611098	35.
0.885961	0.0758302	77702.	0.600471	0.836217	2.04446	95.2701	107.472	0.600471
36.	0.877291	0.0801662	86515.3	0.59062	0.803132	1.95857	100.519	113.376
0.59062	37.	0.868523	0.0843631	95810.8	0.581485	0.771958	1.87948	105.573
119.046	0.581485	38.	0.859681	0.0884057	105572.	0.573015	0.742611	1.80655
110.414	124.464	0.573015	39.	0.850784	0.092282	115780.	0.565158	0.714998
1.73916	115.028	129.615	0.565158	40.	0.841854	0.0959818	126417.	0.557868
0.689034	1.6768	119.404	134.489	0.557868	41.	0.832908	0.0994975	137461.
0.551103	0.664631	1.61898	123.534	139.076	0.551103	42.	0.823961	0.102823
148892.	0.544823	0.641708	1.5653	127.412	143.373	0.544823	43.	0.815029
0.105955	160687.	0.538991	0.620184	1.51536	131.033	147.377	0.538991	44.
0.806125	0.10889	172825.	0.533575	0.599986	1.46884	134.398	151.087	0.533575
45.	0.797262	0.111627	185284.	0.528545	0.581042	1.42542	137.505	154.504
0.528545	46.	0.788449	0.114167	198041.	0.523873	0.563285	1.38486	140.356
157.631	0.523873	47.	0.779698	0.11651	211073.	0.519534	0.546651	1.34689
142.954	160.472	0.519534	48.	0.771016	0.118658	224359.	0.515505	0.531081
1.31132	145.303	163.033	0.515505	49.	0.762411	0.120615	237877.	0.511766
0.516521	1.27794	147.409	165.321	0.511766	50.	0.753891	0.122384	251606.
0.508296	0.502917	1.24659	149.276	167.342	0.508296	51.	0.745462	0.12397
265524.	0.50508	0.49022	1.2171	150.912	169.104	0.50508	52.	0.737128
0.125376	279611.	0.5021	0.478384	1.18933	152.323	170.616	0.5021	53.
0.728895	0.126609	293847.	0.499341	0.467368	1.16316	153.518	171.887	0.499341
54.	0.720766	0.127674	308213.	0.496792	0.457129	1.13847	154.504	172.926
0.496792	55.	0.712746	0.128575	322689.	0.494438	0.447631	1.11516	155.288
173.743	0.494438	56.	0.704836	0.129321	337259.	0.492269	0.438837	1.09313
155.881	174.347	0.492269	57.	0.697039	0.129916	351904.	0.490274	0.430715
1.0723	156.289	174.748	0.490274	58.	0.689358	0.130366	366609.	0.488443
0.423234	1.05257	156.522	174.955	0.488443	59.	0.681793	0.130679	381356.
0.486768	0.416362	1.03389	156.589	174.979	0.486768	60.	0.674346	0.130861
396131.	0.48524	0.410074	1.01619	156.497	174.829	0.48524	61.	0.667018
0.130917	410920.	0.483851	0.404342	0.999404	156.256	174.515	0.483851	62.
0.659809	0.130854	425708.	0.482595	0.399143	0.983475	155.873	174.046	0.482595
63.	0.652719	0.130679	440483.	0.481464	0.394452	0.968355	155.357	173.431
0.481464	64.	0.645748	0.130397	455232.	0.480454	0.390248	0.953995	154.717
172.679	0.480454	65.	0.638897	0.130014	469943.	0.479556	0.386511	0.940351
153.959	171.8	0.479556	66.	0.632164	0.129537	484606.	0.478768	0.383219
0.927384	153.091	170.801	0.478768	67.	0.625548	0.128971	499210.	0.478083
0.380356	0.915055	152.122	169.691	0.478083	68.	0.61905	0.128322	513744.
0.477497	0.377902	0.903331	151.058	168.477	0.477497	69.	0.612669	0.127594
528201.	0.477005	0.375842	0.892178	149.906	167.168	0.477005	70.	0.606402
0.126795	542572.	0.476604	0.374159	0.881567	148.673	165.771	0.476604	71.
0.600248	0.125927	556849.	0.476289	0.372838	0.87147	147.365	164.293	0.476289
72.	0.594208	0.124998	571024.	0.476057	0.371864	0.86186	145.989	162.741
0.476057	73.	0.588278	0.12401	585091.	0.475905	0.371225	0.852714	144.55
161.122	0.475905	74.	0.582458	0.12297	599043.	0.475829	0.370907	0.844009
143.055	159.44	0.475829	75.	0.576745	0.121881	612874.	0.475827	0.370896
0.835722	141.508	157.704	0.475827	76.	0.571139	0.120747	626581.	0.475895
0.371181	0.827836	139.915	155.918	0.475895	77.	0.565638	0.119572	640156.
0.476031	0.371752	0.82033	138.281	154.087	0.476031	78.	0.56024	0.118361
653597.	0.476231	0.372595	0.813187	136.611	152.218	0.476231	79.	0.554943
0.117116	666899.	0.476495	0.373702	0.806391	134.908	150.314	0.476495	80.
0.549746	0.115842	680059.	0.476819	0.375062	0.799925	133.178	148.38	0.476819
81.	0.544647	0.114542	693074.	0.477201	0.376665	0.793777	131.423	146.421
0.477201	82.	0.539643	0.113219	705940.	0.47764	0.378502	0.78793	129.649
144.44	0.47764	83.	0.534734	0.111875	718655.	0.478132	0.380563	0.782374
127.858	142.443	0.478132	84.	0.529917	0.110515	731218.	0.478677	0.382841
0.777094	126.054	140.431	0.478677	85.	0.525191	0.109139	743626.	0.479273
0.385326	0.77208	124.24	138.409	0.479273	86.	0.520554	0.107752	755878.
0.479916	0.388012	0.767321	122.418	136.38	0.479916	87.	0.516004	0.106354
767973.	0.480607	0.390889	0.762806	120.593	134.347	0.480607	88.	0.511539
0.104949	779909.	0.481344	0.39395	0.758524	118.765	132.312	0.481344	89.
0.507158	0.103539	791686.	0.482124	0.397189	0.754467	116.938	130.279	0.482124
90.	0.502859	0.102125	803304.	0.482946	0.400599	0.750627	115.114	128.249
0.482946	91.	0.49864	0.10071	814762.	0.48381	0.404171	0.746993	113.295
126.225	0.48381	92.	0.4945	0.0992946	826060.	0.484713	0.4079	0.743558
111.483	124.209	0.484713	93.	0.490436	0.0978811	837198.	0.485654	0.41178
0.740315	109.68	122.203	0.485654	94.	0.486448	0.0964708	848177.	0.486632
0.415805	0.737255	107.886	120.209	0.486632	95.	0.482533	0.0950652	858997.
0.487646	0.419967	0.734373	106.105	118.228	0.487646	96.	0.47869	0.0936655
869658.	0.488695	0.424263	0.73166	104.336	116.262	0.488695	97.	0.474918
0.0922729	880161.	0.489776	0.428685	0.729112	102.583	114.312	0.489776	98.
0.471214	0.0908886	890508.	0.49089	0.433229	0.726721	100.845	112.38	0.49089
99.	0.467578	0.0895135	900698.	0.492035	0.437889	0.724481	99.1231	110.466
0.492035	100.	0.464008	0.0881486	910734.	0.493211	0.442661	0.722388	97.4193
108.572	0.493211	101.	0.460503	0.0867947	920616.	0.494415	0.447538	0.720436
95.7341	106.699	0.494415	102.	0.45706	0.0854528	930346.	0.495647	0.452517
0.718619	94.0681	104.847	0.495647	103.	0.453679	0.0841233	939925.	0.496907
0.457592	0.716933	92.4222	103.018	0.496907	104.	0.450358	0.0828071	949355.
0.498192	0.46276	0.715372	90.7968	101.211	0.498192	105.	0.447097	0.0815047
958637.	0.499503	0.468014	0.713933	89.1926	99.4276	0.499503	106.	0.443892
0.0802166	967772.	0.500838	0.473353	0.71261	87.6101	97.6683	0.500838	107.
0.440745	0.0789434	976762.	0.502196	0.47877	0.711401	86.0495	95.9334	0.502196
108.	0.437652	0.0776853	985610.	0.503577	0.484262	0.710299	84.5114	94.2232
0.503577	109.	0.434613	0.0764429	994316.	0.50498	0.489826	0.709302	82.9959
92.5382	0.50498	110.	0.431627	0.0752163	1002883.	0.506404	0.495456	0.708406
81.5033	90.8784	0.506404	111.	0.428692	0.074006	1011313.	0.507848	0.50115
0.707607	80.0337	89.2442	0.507848	112.	0.425808	0.0728121	1019606.	0.509311
0.506903	0.706902	78.5874	87.6356	0.509311	113.	0.422973	0.0716348	1027766.
0.510792	0.512713	0.706287	77.1644	86.0528	0.510792	114.	0.420186	0.0704744
1035793.	0.512292	0.518576	0.705759	75.7648	84.4958	0.512292	115.	0.417446
0.0693308	1043690.	0.513808	0.524488	0.705314	74.3885	82.9647	0.513808	116.
0.414752	0.0682043	1051459.	0.515341	0.530446	0.70495	73.0356	81.4594	0.515341
117.	0.412104	0.0670949	1059102.	0.51689	0.536447	0.704664	71.706	79.9798
0.51689	118.	0.409499	0.0660026	1066620.	0.518453	0.542488	0.704453	70.3996
78.5259	0.518453	119.	0.406937	0.0649275	1074016.	0.520031	0.548566	0.704314
69.1164	77.0976	0.520031	120.	0.404417	0.0638695	1081292.	0.521623	0.554678
0.704244	67.8561	75.6947	0.521623	121.	0.401939	0.0628286	1088449.	0.523228
0.560821	0.704241	66.6187	74.317	0.523228	122.	0.399501	0.0618048	1095489.
0.524845	0.566992	0.704303	65.404	72.9644	0.524845	123.	0.397102	0.0607979
1102414.	0.526474	0.573189	0.704426	64.2118	71.6366	0.526474	124.	0.394742
0.059808	1109227.	0.528114	0.57941	0.704609	63.0418	70.3334	0.528114	125.
0.392419	0.0588349	1115929.	0.529764	0.585651	0.704848	61.8939	69.0546	0.529764
126.	0.390134	0.0578785	1122522.	0.531425	0.591911	0.705143	60.7678	67.7998
0.531425	127.	0.387884	0.0569387	1129008.	0.533095	0.598187	0.705491	59.6632
66.569	0.533095	128.	0.38567	0.0560153	1135388.	0.534774	0.604476	0.70589
58.5799	65.3616	0.534774	129.	0.383491	0.0551081	1141665.	0.536461	0.610777
0.706337	57.5177	64.1775	0.536461	130.	0.381345	0.0542171	1147841.	0.538157
0.617087	0.706831	56.4761	63.0163	0.538157	131.	0.379233	0.053342	1153916.
0.539859	0.623405	0.70737	55.4551	61.8778	0.539859	132.	0.377152	0.0524826
1159894.	0.541569	0.629727	0.707952	54.4542	60.7615	0.541569	133.	0.375104
0.0516389	1165776.	0.543284	0.636054	0.708576	53.4731	59.6672	0.543284	134.
0.373087	0.0508105	1171563.	0.545006	0.642381	0.709239	52.5116	58.5945	0.545006
135.	0.3711	0.0499973	1177257.	0.546733	0.648709	0.709939	51.5694	57.5432
0.546733	136.	0.369143	0.049199	1182861.	0.548465	0.655034	0.710676	50.646
56.5128	0.548465	137.	0.367215	0.0484156	1188375.	0.550201	0.661356	0.711448
49.7413	55.503	0.550201	138.	0.365315	0.0476467	1193801.	0.551942	0.667672
0.712253	48.8549	54.5134	0.551942	139.	0.363444	0.0468922	1199141.	0.553686
0.673982	0.713089	47.9865	53.5438	0.553686	140.	0.3616	0.0461518	1204397.
0.555433	0.680283	0.713955	47.1357	52.5938	0.555433	141.	0.359782	0.0454253
1209570.	0.557183	0.686575	0.714851	46.3023	51.6629	0.557183	142.	0.357991
0.0447125	1214662.	0.558935	0.692855	0.715773	45.486	50.751	0.558935	143.
0.356226	0.0440131	1219673.	0.56069	0.699122	0.716722	44.6863	49.8576	0.56069
144.	0.354486	0.0433271	1224607.	0.562446	0.705376	0.717696	43.903	48.9824
0.562446	145.	0.352771	0.042654	1229464.	0.564203	0.711615	0.718693	43.1359
48.125	0.564203	146.	0.35108	0.0419938	1234245.	0.565961	0.717837	0.719712
42.3845	47.2851	0.565961	147.	0.349413	0.0413461	1238953.	0.56772	0.724042
0.720753	41.6486	46.4624	0.56772	148.	0.347769	0.0407108	1243588.	0.569478
0.730229	0.721813	40.9278	45.6565	0.569478	149.	0.346147	0.0400877	1248152.
0.571237	0.736396	0.722893	40.2219	44.8671	0.571237	150.	0.344549	0.0394765
1252647.	0.572995	0.742543	0.72399	39.5306	44.0939	0.572995	151.	0.342972
0.038877	1257073.	0.574753	0.748668	0.725104	38.8536	43.3366	0.574753	152.
0.341416	0.0382889	1261432.	0.576509	0.754771	0.726234	38.1905	42.5947	0.576509
153.	0.339882	0.0377122	1265725.	0.578264	0.76085	0.727379	37.5411	41.8681
0.578264	154.	0.338368	0.0371465	1269953.	0.580018	0.766905	0.728538	36.9051
41.1564	0.580018	155.	0.336875	0.0365917	1274119.	0.581769	0.772936	0.72971
36.2823	40.4592	0.581769	156.	0.335401	0.0360475	1278222.	0.583519	0.778941
0.730894	35.6723	39.7764	0.583519	157.	0.333947	0.0355138	1282264.	0.585266
0.784919	0.732089	35.0748	39.1075	0.585266	158.	0.332512	0.0349903	1286247.
0.58701	0.790871	0.733295	34.4897	38.4524	0.58701	159.	0.331096	0.0344768
1290171.	0.588751	0.796795	0.73451	33.9166	37.8106	0.588751	160.	0.329698
0.0339732	1294037.	0.590489	0.802691	0.735734	33.3553	37.1819	0.590489	161.
0.328319	0.0334792	1297848.	0.592224	0.808558	0.736967	32.8055	36.5661	0.592224
162.	0.326957	0.0329947	1301603.	0.593955	0.814395	0.738207	32.267	35.9628
0.593955	163.	0.325612	0.0325194	1305303.	0.595683	0.820203	0.739453	31.7395
35.3718	0.595683	164.	0.324285	0.0320532	1308951.	0.597406	0.825981	0.740706
31.2229	34.7929	0.597406	165.	0.322974	0.0315958	1312546.	0.599125	0.831728
0.741964	30.7167	34.2257	0.599125	166.	0.32168	0.0311472	1316091.	0.60084
0.837444	0.743226	30.2209	33.67	0.60084	167.	0.320402	0.0307071	1319585.
0.60255	0.843128	0.744493	29.7352	33.1255	0.60255	168.	0.31914	0.0302754
1323030.	0.604255	0.84878	0.745764	29.2593	32.5921	0.604255	169.	0.317893
0.0298518	1326426.	0.605955	0.8544	0.747037	28.7931	32.0694	0.605955	170.
0.316662	0.0294363	1329775.	0.60765	0.859987	0.748313	28.3364	31.5573	0.60765
171.	0.315446	0.0290286	1333077.	0.60934	0.865541	0.74959	27.8889	31.0555
0.60934	172.	0.314244	0.0286286	1336334.	0.611025	0.871062	0.75087	27.4504
30.5637	0.611025	173.	0.313057	0.0282361	1339546.	0.612704	0.87655	0.75215
27.0207	30.0818	0.612704	174.	0.311884	0.0278509	1342715.	0.614377	0.882005
0.753431	26.5996	29.6094	0.614377	175.	0.310725	0.027473	1345840.	0.616045
0.887426	0.754712	26.1869	29.1465	0.616045	176.	0.30958	0.0271021	1348923.
0.617706	0.892814	0.755992	25.7825	28.6928	0.617706	177.	0.308449	0.0267381
1351964.	0.619362	0.898166	0.757272	25.3861	28.2481	0.619362	178.	0.30733
0.0263809	1354965.	0.621011	0.903485	0.75855	24.9976	27.8122	0.621011	179.
0.306225	0.0260304	1357925.	0.622654	0.908769	0.759826	24.6168	27.3849	0.622654
180.	0.305133	0.0256863	1360846.	0.62429	0.914019	0.761101	24.2435	26.9661
0.62429	181.	0.304053	0.0253485	1363729.	0.625921	0.919234	0.762373	23.8776
26.5554	0.625921	182.	0.302985	0.025017	1366574.	0.627544	0.924416	0.763643
23.5188	26.1528	0.627544	183.	0.30193	0.0246915	1369382.	0.629161	0.929563
0.76491	23.1671	25.758	0.629161	184.	0.300887	0.0243719	1372154.	0.630771
0.934675	0.766174	22.8222	25.3709	0.630771	185.	0.299855	0.0240582	1374890.
0.632375	0.939752	0.767434	22.484	24.9913	0.632375	186.	0.298835	0.0237502
1377590.	0.633971	0.944795	0.76869	22.1524	24.6191	0.633971	187.	0.297827
0.0234478	1380256.	0.635561	0.949803	0.769942	21.8273	24.2541	0.635561	188.
0.296829	0.0231508	1382888.	0.637143	0.954776	0.771189	21.5083	23.896	0.637143
189.	0.295843	0.0228592	1385487.	0.638718	0.959715	0.772432	21.1956	23.5449
0.638718	190.	0.294867	0.0225728	1388054.	0.640287	0.964619	0.77367	20.8888
23.2004	0.640287	191.	0.293902	0.0222915	1390588.	0.641848	0.96949	0.774903
20.5878	22.8626	0.641848	192.	0.292948	0.0220152	1393091.	0.643402	0.974326
0.776131	20.2926	22.5311	0.643402	193.	0.292004	0.0217438	1395563.	0.644948
0.979127	0.777353	20.0029	22.2059	0.644948	194.	0.29107	0.0214772	1398004.
0.646487	0.983895	0.778569	19.7188	21.8868	0.646487	195.	0.290146	0.0212154
1400416.	0.648019	0.988628	0.77978	19.4399	21.5737	0.648019	196.	0.289232
0.0209581	1402798.	0.649544	0.993327	0.780984	19.1664	21.2666	0.649544	197.
0.288327	0.0207053	1405151.	0.65106	0.997993	0.782183	18.8979	20.9651	0.65106
198.	0.287432	0.020457	1407477.	0.65257	1.00262	0.783375	18.6344	20.6693
0.65257	199.	0.286547	0.0202129	1409774.	0.654072	1.00722	0.784561	18.3758
20.3789	0.654072	200.	0.28567	0.0199731	1412044.	0.655567	1.01179	0.78574
18.122	20.0939	0.655567	201.	0.284803	0.0197374	1414287.	0.657054	1.01632
0.786912	17.8728	19.8141	0.657054	202.	0.283944	0.0195057	1416504.	0.658533
1.02082	0.788077	17.6283	19.5395	0.658533	203.	0.283095	0.0192781	1418695.
0.660005	1.02528	0.789235	17.3882	19.2699	0.660005	204.	0.282254	0.0190543
1420860.	0.66147	1.02972	0.790387	17.1524	19.0052	0.66147	205.	0.281421
0.0188343	1423000.	0.662926	1.03412	0.791531	16.921	18.7453	0.662926	206.
0.280597	0.018618	1425116.	0.664376	1.03848	0.792667	16.6937	18.4902	0.664376
207.	0.279781	0.0184053	1427207.	0.665818	1.04282	0.793797	16.4705	18.2396
0.665818	208.	0.278974	0.0181962	1429275.	0.667252	1.04712	0.794919	16.2513
17.9935	0.667252	209.	0.278174	0.0179907	1431319.	0.668678	1.05139	0.796034
16.0361	17.7518	0.668678	210.	0.277383	0.0177885	1433340.	0.670097	1.05563
0.797141	15.8246	17.5144	0.670097	211.	0.276599	0.0175897	1435339.	0.671509
1.05984	0.79824	15.6169	17.2812	0.671509	212.	0.275822	0.0173942	1437315.
0.672913	1.06402	0.799331	15.4129	17.0522	0.672913	213.	0.275054	0.0172018
1439269.	0.674309	1.06816	0.800415	15.2124	16.8272	0.674309	214.	0.274293
0.0170127	1441202.	0.675698	1.07228	0.801492	15.0155	16.6061	0.675698	215.
0.273539	0.0168266	1443113.	0.677079	1.07636	0.80256	14.822	16.3889	0.677079
216.	0.272792	0.0166435	1445004.	0.678453	1.08042	0.803621	14.6318	16.1754
0.678453	217.	0.272053	0.0164634	1446874.	0.679819	1.08444	0.804673	14.445
15.9657	0.679819	218.	0.27132	0.0162862	1448724.	0.681178	1.08843	0.805718
14.2613	15.7596	0.681178	219.	0.270594	0.0161118	1450554.	0.682529	1.0924
0.806755	14.0808	15.557	0.682529	220.	0.269876	0.0159402	1452365.	0.683873
1.09633	0.807784	13.9034	15.3579	0.683873	221.	0.269164	0.0157714	1454156.
0.68521	1.10024	0.808805	13.729	15.1622	0.68521	222.	0.268458	0.0156052
1455928.	0.686539	1.10411	0.809818	13.5576	14.9699	0.686539	223.	0.26776
0.0154416	1457682.	0.687861	1.10796	0.810823	13.389	14.7807	0.687861	224.
0.267067	0.0152806	1459418.	0.689175	1.11178	0.811821	13.2233	14.5948	0.689175
225.	0.266381	0.0151221	1461135.	0.690483	1.11557	0.81281	13.0603	14.412
0.690483	226.	0.265701	0.014966	1462835.	0.691782	1.11933	0.813791	12.9001
14.2323	0.691782	227.	0.265028	0.0148124	1464517.	0.693075	1.12306	0.814765
12.7425	14.0555	0.693075	228.	0.264361	0.0146611	1466182.	0.69436	1.12677
0.81573	12.5876	13.8817	0.69436	229.	0.263699	0.0145122	1467830.	0.695639
1.13045	0.816688	12.4351	13.7108	0.695639	230.	0.263044	0.0143655	1469461.
0.69691	1.1341	0.817638	12.2852	13.5426	0.69691	231.	0.262394	0.0142211
1471076.	0.698174	1.13772	0.81858	12.1377	13.3772	0.698174	232.	0.26175
0.0140789	1472674.	0.699431	1.14132	0.819514	11.9926	13.2146	0.699431	233.
0.261112	0.0139388	1474257.	0.70068	1.14489	0.82044	11.8499	13.0545	0.70068
234.	0.260479	0.0138008	1475824.	0.701923	1.14844	0.821358	11.7094	12.8971
0.701923	235.	0.259852	0.0136648	1477375.	0.703159	1.15195	0.822269	11.5712
12.7422	0.703159	236.	0.259231	0.0135309	1478912.	0.704388	1.15545	0.823172
11.4353	12.5898	0.704388	237.	0.258615	0.013399	1480433.	0.70561	1.15891
0.824067	11.3014	12.4398	0.70561	238.	0.258004	0.013269	1481939.	0.706825
1.16235	0.824955	11.1697	12.2922	0.706825	239.	0.257399	0.0131409	1483431.
0.708033	1.16577	0.825835	11.0401	12.147	0.708033	240.	0.256798	0.0130146
1484909.	0.709234	1.16916	0.826707	10.9125	12.004	0.709234	241.	0.256203
0.0128903	1486372.	0.710429	1.17253	0.827572	10.7869	11.8633	0.710429	242.
0.255613	0.0127677	1487821.	0.711617	1.17587	0.828429	10.6633	11.7248	0.711617
243.	0.255028	0.0126469	1489257.	0.712798	1.17918	0.829279	10.5416	11.5885
0.712798	244.	0.254448	0.0125278	1490679.	0.713973	1.18248	0.830121	10.4217
11.4543	0.713973	245.	0.253872	0.0124104	1492088.	0.715141	1.18575	0.830956
10.3037	11.3222	0.715141	246.	0.253302	0.0122946	1493483.	0.716302	1.18899
0.831784	10.1875	11.1921	0.716302	247.	0.252736	0.0121806	1494866.	0.717457
1.19221	0.832604	10.0731	11.064	0.717457	248.	0.252175	0.0120681	1496235.
0.718605	1.19541	0.833417	9.96043	10.9378	0.718605	249.	0.251618	0.0119572
1497593.	0.719747	1.19859	0.834223	9.84945	10.8136	0.719747	250.	0.251067
0.0118478	1498937.	0.720882	1.20174	0.835022	9.74014	10.6913	0.720882	251.
0.250519	0.01174	1500270.	0.722012	1.20487	0.835813	9.63247	10.5708	0.722012
252.	0.249976	0.0116337	1501590.	0.723134	1.20798	0.836598	9.5264	10.4521
0.723134	253.	0.249438	0.0115288	1502898.	0.724251	1.21106	0.837375	9.42191
10.3352	0.724251	254.	0.248904	0.0114253	1504195.	0.725361	1.21413	0.838146
9.31897	10.2201	0.725361	255.	0.248374	0.0113233	1505480.	0.726465	1.21717
0.83891	9.21754	10.1067	0.726465	256.	0.247848	0.0112226	1506754.	0.727563
1.22019	0.839666	9.11761	9.9949	0.727563	257.	0.247327	0.0111233	1508016.
0.728655	1.22319	0.840416	9.01914	9.88479	0.728655	258.	0.246809	0.0110254
1509267.	0.72974	1.22616	0.841159	8.9221	9.77631	0.72974	259.	0.246296
0.0109288	1510507.	0.73082	1.22912	0.841896	8.82646	9.66941	0.73082	260.
0.245787	0.0108334	1511737.	0.731894	1.23206	0.842626	8.73221	9.56406	0.731894
261.	0.245282	0.0107393	1512955.	0.732961	1.23497	0.843349	8.63931	9.46024
0.732961	262.	0.244781	0.0106465	1514163.	0.734023	1.23787	0.844066	8.54774
9.35793	0.734023	263.	0.244283	0.0105548	1515361.	0.735079	1.24074	0.844776
8.45748	9.25709	0.735079	264.	0.24379	0.0104644	1516548.	0.736129	1.2436
0.84548	8.3685	9.15769	0.736129	265.	0.2433	0.0103752	1517725.	0.737173
1.24643	0.846178	8.28078	9.05972	0.737173	266.	0.242814	0.0102871	1518893.
0.738211	1.24925	0.846869	8.1943	8.96314	0.738211	267.	0.242332	0.0102001
1520050.	0.739244	1.25204	0.847554	8.10903	8.86792	0.739244	268.	0.241854
0.0101143	1521197.	0.740271	1.25482	0.848232	8.02494	8.77405	0.740271	269.
0.241379	0.0100296	1522335.	0.741293	1.25758	0.848905	7.94203	8.6815	0.741293
270.	0.240908	0.00994592	1523464.	0.742309	1.26032	0.849572	7.86027	8.59025
0.742309	271.	0.24044	0.00986332	1524583.	0.743319	1.26304	0.850232	7.77963
8.50027	0.743319	272.	0.239976	0.00978177	1525692.	0.744324	1.26574	0.850887
7.7001	8.41153	0.744324	273.	0.239515	0.00970125	1526793.	0.745323	1.26842
0.851535	7.62167	8.32403	0.745323	274.	0.239058	0.00962174	1527885.	0.746317
1.27109	0.852178	7.5443	8.23774	0.746317	275.	0.238604	0.00954322	1528967.
0.747305	1.27374	0.852814	7.46799	8.15263	0.747305	276.	0.238154	0.00946567
1530041.	0.748288	1.27636	0.853445	7.39271	8.06869	0.748288	277.	0.237707
0.00938908	1531106.	0.749266	1.27898	0.85407	7.31844	7.98589	0.749266	278.
0.237263	0.00931342	1532162.	0.750239	1.28157	0.85469	7.24516	7.90421	0.750239
279.	0.236822	0.0092387	1533210.	0.751206	1.28415	0.855304	7.17287	7.82363
0.751206	280.	0.236385	0.00916488	1534250.	0.752168	1.28671	0.855913	7.10154
7.74414	0.752168	281.	0.235951	0.00909196	1535281.	0.753125	1.28925	0.856516
7.03115	7.66572	0.753125	282.	0.23552	0.00901992	1536304.	0.754077	1.29178
0.857113	6.96169	7.58835	0.754077	283.	0.235092	0.00894875	1537320.	0.755024
1.29429	0.857705	6.89315	7.512	0.755024	284.	0.234667	0.00887844	1538327.
0.755965	1.29678	0.858292	6.82551	7.43668	0.755965	285.	0.234245	0.00880896
1539326.	0.756902	1.29925	0.858874	6.75875	7.36234	0.756902	286.	0.233826
0.00874031	1540317.	0.757833	1.30171	0.85945	6.69286	7.28899	0.757833	287.
0.23341	0.00867246	1541301.	0.75876	1.30416	0.860021	6.62783	7.2166	0.75876
288.	0.232997	0.00860542	1542277.	0.759682	1.30659	0.860587	6.56363	7.14515
0.759682	289.	0.232587	0.00853915	1543245.	0.760599	1.309	0.861148	6.50025
7.07463	0.760599	290.	0.23218	0.00847367	1544206.	0.761511	1.3114	0.861704
6.43769	7.00503	0.761511	291.	0.231776	0.00840894	1545160.	0.762419	1.31378
0.862254	6.37592	6.93633	0.762419	292.	0.231375	0.00834496	1546106.	0.763321
1.31615	0.8628	6.31494	6.86851	0.763321	293.	0.230976	0.00828172	1547045.
0.764219	1.3185	0.863341	6.25474	6.80156	0.764219	294.	0.23058	0.00821921
1547978.	0.765112	1.32083	0.863878	6.19529	6.73547	0.765112	295.	0.230187
0.00815741	1548903.	0.766001	1.32315	0.864409	6.13659	6.67023	0.766001	296.
0.229797	0.00809631	1549821.	0.766885	1.32546	0.864936	6.07863	6.60581	0.766885
297.	0.229409	0.0080359	1550732.	0.767764	1.32775	0.865458	6.02139	6.5422
0.767764	298.	0.229024	0.00797618	1551637.	0.768639	1.33003	0.865975	5.96485
6.47939	0.768639	299.	0.228642	0.00791712	1552534.	0.769509	1.33229	0.866488
5.90902	6.41737	0.769509	300.	0.228262	0.00785872	1553425.	0.770375	1.33454
0.866996	5.85388	6.35613	0.770375	301.	0.227884	0.00780097	1554310.	0.771236
1.33678	0.8675	5.79941	6.29565	0.771236	302.	0.22751	0.00774387	1555188.
0.772093	1.339	0.867999	5.74561	6.23592	0.772093	303.	0.227138	0.00768739
1556060.	0.772945	1.3412	0.868494	5.69247	6.17693	0.772945	304.	0.226768
0.00763154	1556925.	0.773794	1.3434	0.868984	5.63997	6.11867	0.773794	305.
0.226401	0.0075763	1557784.	0.774637	1.34558	0.86947	5.58811	6.06113	0.774637
306.	0.226036	0.00752166	1558637.	0.775477	1.34774	0.869952	5.53688	6.00429
0.775477	307.	0.225674	0.00746761	1559484.	0.776312	1.3499	0.87043	5.48626
5.94814	0.776312	308.	0.225314	0.00741415	1560324.	0.777143	1.35204	0.870904
5.43625	5.89268	0.777143	309.	0.224956	0.00736126	1561159.	0.77797	1.35416
0.871373	5.38683	5.83788	0.77797	310.	0.224601	0.00730894	1561988.	0.778793
1.35628	0.871838	5.338	5.78375	0.778793	311.	0.224248	0.00725717	1562811.
0.779612	1.35838	0.8723	5.28975	5.73027	0.779612	312.	0.223898	0.00720596
1563628.	0.780426	1.36047	0.872757	5.24208	5.67743	0.780426	313.	0.223549
0.00715529	1564439.	0.781237	1.36254	0.87321	5.19496	5.62522	0.781237	314.
0.223203	0.00710516	1565244.	0.782043	1.36461	0.87366	5.14839	5.57364	0.782043
315.	0.22286	0.00705555	1566044.	0.782845	1.36666	0.874105	5.10237	5.52267
0.782845	316.	0.222518	0.00700646	1566839.	0.783644	1.3687	0.874547	5.05689
5.4723	0.783644	317.	0.222179	0.00695788	1567628.	0.784438	1.37072	0.874984
5.01193	5.42252	0.784438	318.	0.221842	0.00690981	1568411.	0.785229	1.37274
0.875419	4.96749	5.37333	0.785229	319.	0.221507	0.00686223	1569189.	0.786016
1.37474	0.875849	4.92357	5.32471	0.786016	320.	0.221174	0.00681514	1569961.
0.786798	1.37673	0.876276	4.88015	5.27666	0.786798	321.	0.220843	0.00676854
1570729.	0.787577	1.37871	0.876699	4.83722	5.22917	0.787577	322.	0.220515
0.00672241	1571491.	0.788352	1.38068	0.877118	4.79479	5.18223	0.788352	323.
0.220188	0.00667675	1572248.	0.789124	1.38263	0.877534	4.75284	5.13584	0.789124
324.	0.219864	0.00663156	1573000.	0.789891	1.38458	0.877946	4.71136	5.08998
0.789891	325.	0.219541	0.00658682	1573746.	0.790655	1.38651	0.878355	4.67036
5.04464	0.790655	326.	0.219221	0.00654253	1574488.	0.791415	1.38843	0.87876
4.62981	4.99982	0.791415	327.	0.218902	0.00649868	1575225.	0.792172	1.39034
0.879162	4.58972	4.95552	0.792172	328.	0.218586	0.00645527	1575956.	0.792925
1.39224	0.879561	4.55008	4.91172	0.792925	329.	0.218271	0.00641229	1576683.
0.793674	1.39413	0.879956	4.51088	4.86841	0.793674	330.	0.217959	0.00636974
1577405.	0.79442	1.39601	0.880348	4.47211	4.82559	0.79442	331.	0.217648
0.00632761	1578123.	0.795162	1.39788	0.880737	4.43378	4.78326	0.795162	332.
0.21734	0.00628589	1578835.	0.7959	1.39974	0.881122	4.39586	4.7414	0.7959
333.	0.217033	0.00624458	1579543.	0.796635	1.40158	0.881505	4.35837	4.70001
0.796635	334.	0.216728	0.00620367	1580246.	0.797367	1.40342	0.881884	4.32128
4.65908	0.797367	335.	0.216425	0.00616316	1580945.	0.798095	1.40524	0.88226
4.28461	4.61861	0.798095	336.	0.216124	0.00612304	1581639.	0.798819	1.40706
0.882632	4.24833	4.57858	0.798819	337.	0.215825	0.00608331	1582328.	0.79954
1.40886	0.883002	4.21244	4.539	0.79954	338.	0.215527	0.00604396	1583013.
0.800258	1.41066	0.883369	4.17695	4.49985	0.800258	339.	0.215231	0.00600498
1583694.	0.800973	1.41244	0.883733	4.14183	4.46113	0.800973	340.	0.214937
0.00596638	1584370.	0.801684	1.41422	0.884093	4.1071	4.42284	0.801684	341.
0.214645	0.00592814	1585042.	0.802391	1.41598	0.884451	4.07273	4.38497	0.802391
342.	0.214355	0.00589027	1585710.	0.803096	1.41774	0.884806	4.03874	4.3475
0.803096	343.	0.214066	0.00585275	1586373.	0.803797	1.41948	0.885158	4.00511
4.31045	0.803797	344.	0.213779	0.00581558	1587032.	0.804495	1.42122	0.885507
3.97183	4.27379	0.804495	345.	0.213494	0.00577877	1587687.	0.80519	1.42294
0.885853	3.93891	4.23753	0.80519	346.	0.21321	0.00574229	1588338.	0.805881
1.42466	0.886197	3.90633	4.20166	0.805881	347.	0.212929	0.00570615	1588985.
0.806569	1.42637	0.886537	3.8741	4.16617	0.806569	348.	0.212648	0.00567035
1589627.	0.807254	1.42806	0.886875	3.8422	4.13107	0.807254	349.	0.21237
0.00563488	1590266.	0.807936	1.42975	0.887211	3.81064	4.09633	0.807936	350.
0.212093	0.00559973	1590900.	0.808615	1.43143	0.887543	3.77941	4.06197	0.808615
351.	0.211818	0.00556491	1591531.	0.809291	1.4331	0.887873	3.74851	4.02797
0.809291	352.	0.211544	0.0055304	1592158.	0.809963	1.43477	0.888201	3.71792
3.99433	0.809963	353.	0.211272	0.00549621	1592781.	0.810633	1.43642	0.888525
3.68765	3.96105	0.810633	354.	0.211001	0.00546232	1593400.	0.811299	1.43806
0.888847	3.6577	3.92811	0.811299	355.	0.210732	0.00542874	1594015.	0.811963
1.4397	0.889167	3.62805	3.89552	0.811963	356.	0.210465	0.00539547	1594626.
0.812623	1.44132	0.889484	3.5987	3.86327	0.812623	357.	0.210199	0.00536249
1595234.	0.813281	1.44294	0.889799	3.56966	3.83135	0.813281	358.	0.209935
0.00532981	1595838.	0.813935	1.44455	0.890111	3.54091	3.79977	0.813935	359.
0.209672	0.00529741	1596438.	0.814587	1.44615	0.890421	3.51245	3.76851	0.814587
360.	0.209411	0.00526531	1597035.	0.815236	1.44774	0.890728	3.48429	3.73758
0.815236	361.	0.209151	0.00523348	1597628.	0.815882	1.44933	0.891033	3.4564
3.70696	0.815882	362.	0.208892	0.00520194	1598218.	0.816525	1.4509	0.891335
3.4288	3.67666	0.816525	363.	0.208636	0.00517067	1598804.	0.817165	1.45247
0.891636	3.40148	3.64667	0.817165	364.	0.20838	0.00513968	1599386.	0.817802
1.45403	0.891933	3.37442	3.61699	0.817802	365.	0.208126	0.00510896	1599965.
0.818436	1.45558	0.892229	3.34764	3.5876	0.818436	366.	0.207874	0.0050785
1600540.	0.819068	1.45712	0.892522	3.32113	3.55852	0.819068	367.	0.207623
0.00504831	1601112.	0.819696	1.45866	0.892813	3.29488	3.52973	0.819696	368.
0.207373	0.00501838	1601681.	0.820323	1.46018	0.893102	3.26889	3.50123	0.820323
369.	0.207125	0.0049887	1602246.	0.820946	1.4617	0.893389	3.24316	3.47302
0.820946	370.	0.206878	0.00495928	1602808.	0.821566	1.46321	0.893673	3.21768
3.44509	0.821566	371.	0.206632	0.00493011	1603367.	0.822184	1.46472	0.893956
3.19245	3.41745	0.822184	372.	0.206388	0.00490119	1603922.	0.822799	1.46621
0.894236	3.16746	3.39007	0.822799	373.	0.206145	0.00487252	1604474.	0.823412
1.4677	0.894514	3.14273	3.36298	0.823412	374.	0.205904	0.00484408	1605023.
0.824021	1.46918	0.89479	3.11823	3.33615	0.824021	375.	0.205664	0.00481589
1605569.	0.824629	1.47065	0.895064	3.09397	3.30958	0.824629	376.	0.205425
0.00478793	1606112.	0.825233	1.47212	0.895336	3.06995	3.28328	0.825233	377.
0.205187	0.00476021	1606651.	0.825835	1.47358	0.895606	3.04616	3.25724	0.825835
378.	0.204951	0.00473271	1607187.	0.826434	1.47503	0.895873	3.0226	3.23145
0.826434	379.	0.204716	0.00470545	1607720.	0.827031	1.47647	0.896139	2.99926
3.20592	0.827031	380.	0.204483	0.00467841	1608250.	0.827625	1.47791	0.896403
2.97615	3.18064	0.827625	381.	0.20425	0.0046516	1608777.	0.828217	1.47934
0.896665	2.95326	3.15561	0.828217	382.	0.204019	0.004625	1609301.	0.828806
1.48076	0.896925	2.93059	3.13081	0.828806	383.	0.203789	0.00459863	1609822.
0.829392	1.48217	0.897183	2.90813	3.10626	0.829392	384.	0.203561	0.00457247
1610341.	0.829976	1.48358	0.897439	2.88589	3.08195	0.829976	385.	0.203333
0.00454652	1610856.	0.830558	1.48498	0.897694	2.86386	3.05787	0.830558	386.
0.203107	0.00452078	1611368.	0.831137	1.48638	0.897946	2.84204	3.03403	0.831137
387.	0.202882	0.00449526	1611877.	0.831713	1.48776	0.898197	2.82042	3.01041
0.831713	388.	0.202659	0.00446994	1612384.	0.832288	1.48914	0.898445	2.79901
2.98702	0.832288	389.	0.202436	0.00444482	1612887.	0.832859	1.49052	0.898692
2.77779	2.96385	0.832859	390.	0.202215	0.0044199	1613388.	0.833429	1.49188
0.898938	2.75678	2.94091	0.833429	391.	0.201995	0.00439519	1613886.	0.833996
1.49324	0.899181	2.73596	2.91818	0.833996	392.	0.201776	0.00437067	1614381.
0.83456	1.4946	0.899423	2.71534	2.89567	0.83456	393.	0.201558	0.00434634
1614873.	0.835122	1.49594	0.899663	2.6949	2.87337	0.835122	394.	0.201341
0.00432221	1615363.	0.835682	1.49728	0.899901	2.67466	2.85129	0.835682	395.
0.201126	0.00429827	1615850.	0.83624	1.49862	0.900138	2.6546	2.82941	0.83624
396.	0.200911	0.00427452	1616334.	0.836795	1.49995	0.900373	2.63473	2.80774
0.836795	397.	0.200698	0.00425095	1616816.	0.837348	1.50127	0.900606	2.61504
2.78627	0.837348	398.	0.200486	0.00422757	1617295.	0.837898	1.50258	0.900837
2.59553	2.765	0.837898	399.	0.200275	0.00420437	1617771.	0.838447	1.50389
0.901067	2.5762	2.74393	0.838447	400.	0.200065	0.00418135	1618245.	0.838993
1.50519	0.901296	2.55705	2.72306	0.838993	401.	0.199856	0.00415851	1618716.
0.839537	1.50649	0.901522	2.53807	2.70238	0.839537	402.	0.199648	0.00413585
1619185.	0.840078	1.50778	0.901747	2.51927	2.68189	0.840078	403.	0.199442
0.00411336	1619651.	0.840617	1.50906	0.901971	2.50063	2.66159	0.840617	404.
0.199236	0.00409104	1620114.	0.841154	1.51034	0.902193	2.48216	2.64148	0.841154
405.	0.199032	0.0040689	1620575.	0.841689	1.51161	0.902414	2.46386	2.62156
0.841689	406.	0.198828	0.00404693	1621033.	0.842222	1.51287	0.902632	2.44573
2.60182	0.842222	407.	0.198626	0.00402512	1621489.	0.842753	1.51413	0.90285
2.42775	2.58226	0.842753	408.	0.198424	0.00400348	1621943.	0.843281	1.51539
0.903066	2.40994	2.56288	0.843281	408.78797105743615	0.198266	0.00398654	1622299.	0.843696
1.51637	0.903235	2.39602	2.54773	0.843696	409.78797105743615	0.198067	0.00396519	1622748.
0.84422	1.51761	0.903448	2.37849	2.52866	0.84422	410.78797105743615	0.197868	0.003944
1623195.	0.844743	1.51885	0.90366	2.36112	2.50977	0.844743	411.78797105743615	0.197671
0.00392297	1623639.	0.845263	1.52008	0.90387	2.3439	2.49105	0.845263	412.78797105743615
0.197474	0.0039021	1624081.	0.845781	1.52131	0.904079	2.32683	2.47249	0.845781
413.78797105743615	0.197279	0.00388138	1624521.	0.846297	1.52253	0.904287	2.30992	2.45411
0.846297	414.78797105743615	0.197084	0.00386082	1624958.	0.846811	1.52374	0.904493	2.29315
2.43589	0.846811	415.78797105743615	0.196891	0.00384041	1625393.	0.847323	1.52495	0.904698
2.27654	2.41784	0.847323	416.78797105743615	0.196698	0.00382015	1625826.	0.847833	1.52615
0.904901	2.26007	2.39994	0.847833	417.78797105743615	0.196507	0.00380004	1626256.	0.848341
1.52735	0.905103	2.24374	2.38221	0.848341	418.78797105743615	0.196316	0.00378008	1626684.
0.848847	1.52854	0.905304	2.22756	2.36464	0.848847	419.78797105743615	0.196126	0.00376027
1627110.	0.84935	1.52973	0.905503	2.21151	2.34722	0.84935	420.78797105743615	0.195938
0.0037406	1627534.	0.849852	1.53091	0.905701	2.19561	2.32996	0.849852	421.78797105743615
0.19575	0.00372108	1627956.	0.850352	1.53209	0.905898	2.17984	2.31285	0.850352
422.78797105743615	0.195563	0.00370169	1628375.	0.85085	1.53326	0.906093	2.16422	2.29589
0.85085	423.78797105743615	0.195377	0.00368245	1628792.	0.851346	1.53442	0.906287	2.14872
2.27908	0.851346	424.78797105743615	0.195192	0.00366335	1629207.	0.851839	1.53558	0.90648
2.13337	2.26242	0.851839	425.78797105743615	0.195008	0.00364439	1629620.	0.852331	1.53674
0.906672	2.11814	2.24591	0.852331	426.78797105743615	0.194825	0.00362556	1630030.	0.852821
1.53789	0.906862	2.10304	2.22954	0.852821	427.78797105743615	0.194643	0.00360687	1630439.
0.853309	1.53903	0.907051	2.08808	2.21332	0.853309	428.78797105743615	0.194462	0.00358831
1630845.	0.853795	1.54017	0.907239	2.07324	2.19723	0.853795	429.78797105743615	0.194281
0.00356988	1631250.	0.854279	1.5413	0.907425	2.05853	2.18129	0.854279	430.78797105743615
0.194102	0.00355159	1631652.	0.854762	1.54243	0.907611	2.04395	2.16549	0.854762
431.78797105743615	0.193923	0.00353342	1632052.	0.855242	1.54356	0.907795	2.02948	2.14982
0.855242	432.78797105743615	0.193745	0.00351539	1632450.	0.85572	1.54467	0.907978	2.01515
2.13429	0.85572	433.78797105743615	0.193569	0.00349748	1632847.	0.856197	1.54579	0.90816
2.00093	2.1189	0.856197	434.78797105743615	0.193392	0.00347969	1633241.	0.856672	1.5469
0.90834	1.98683	2.10364	0.856672	435.78797105743615	0.193217	0.00346204	1633633.	0.857145
1.548	0.90852	1.97286	2.08851	0.857145	436.78797105743615	0.193043	0.0034445	1634023.
0.857616	1.5491	0.908698	1.959	2.07351	0.857616	437.78797105743615	0.19287	0.00342709
1634411.	0.858085	1.55019	0.908875	1.94525	2.05863	0.858085	438.78797105743615	0.192697
0.00340981	1634797.	0.858552	1.55128	0.909051	1.93163	2.04389	0.858552	439.78797105743615
0.192525	0.00339264	1635182.	0.859018	1.55237	0.909226	1.91811	2.02927	0.859018
440.78797105743615	0.192354	0.00337559	1635564.	0.859482	1.55345	0.9094	1.90471	2.01478
0.859482	441.78797105743615	0.192184	0.00335866	1635944.	0.859944	1.55452	0.909573	1.89142
2.00041	0.859944	442.78797105743615	0.192015	0.00334184	1636323.	0.860404	1.55559	0.909744
1.87825	1.98617	0.860404	443.78797105743615	0.191846	0.00332514	1636699.	0.860862	1.55666
0.909915	1.86518	1.97204	0.860862	444.78797105743615	0.191679	0.00330856	1637074.	0.861319
1.55772	0.910084	1.85222	1.95803	0.861319	445.78797105743615	0.191512	0.00329209	1637447.
0.861774	1.55877	0.910253	1.83936	1.94415	0.861774	446.78797105743615	0.191346	0.00327573
1637818.	0.862227	1.55982	0.91042	1.82662	1.93038	0.862227	447.78797105743615	0.19118
0.00325948	1638187.	0.862679	1.56087	0.910586	1.81398	1.91672	0.862679	448.78797105743615
0.191016	0.00324335	1638555.	0.863128	1.56191	0.910752	1.80144	1.90318	0.863128
449.78797105743615	0.190852	0.00322732	1638920.	0.863576	1.56295	0.910916	1.78901	1.88976
0.863576	450.78797105743615	0.190689	0.0032114	1639284.	0.864022	1.56398	0.911079	1.77667
1.87644	0.864022	451.78797105743615	0.190527	0.00319559	1639646.	0.864467	1.56501	0.911241
1.76444	1.86324	0.864467	452.78797105743615	0.190366	0.00317988	1640006.	0.86491	1.56604
0.911403	1.75231	1.85015	0.86491	453.78797105743615	0.190205	0.00316429	1640364.	0.865351
1.56706	0.911563	1.74028	1.83717	0.865351	454.78797105743615	0.190045	0.00314879	1640721.
0.865791	1.56807	0.911722	1.72834	1.82429	0.865791	455.78797105743615	0.189886	0.0031334
1641076.	0.866228	1.56908	0.91188	1.71651	1.81153	0.866228	456.78797105743615	0.189728
0.00311811	1641429.	0.866665	1.57009	0.912038	1.70476	1.79886	0.866665	457.78797105743615
0.18957	0.00310292	1641780.	0.867099	1.57109	0.912194	1.69312	1.78631	0.867099
458.78797105743615	0.189413	0.00308784	1642130.	0.867532	1.57209	0.91235	1.68157	1.77385
0.867532	459.78797105743615	0.189257	0.00307285	1642478.	0.867963	1.57309	0.912504	1.67011
1.7615	0.867963	460.78797105743615	0.189102	0.00305796	1642824.	0.868393	1.57408	0.912658
1.65874	1.74925	0.868393	461.78797105743615	0.188947	0.00304317	1643169.	0.868821	1.57506
0.91281	1.64747	1.73711	0.868821	462.78797105743615	0.188793	0.00302848	1643512.	0.869248
1.57604	0.912962	1.63628	1.72506	0.869248	463.78797105743615	0.18864	0.00301389	1643853.
0.869672	1.57702	0.913113	1.62519	1.71311	0.869672	464.78797105743615	0.188487	0.00299939
1644193.	0.870096	1.57799	0.913263	1.61418	1.70126	0.870096	465.78797105743615	0.188335
0.00298498	1644531.	0.870517	1.57896	0.913412	1.60326	1.6895	0.870517	466.78797105743615
0.188184	0.00297067	1644867.	0.870937	1.57993	0.91356	1.59243	1.67784	0.870937
467.78797105743615	0.188034	0.00295645	1645202.	0.871356	1.58089	0.913707	1.58168	1.66627
0.871356	468.78797105743615	0.187884	0.00294232	1645535.	0.871773	1.58184	0.913853	1.57102
1.6548	0.871773	469.78797105743615	0.187735	0.00292828	1645867.	0.872188	1.5828	0.913999
1.56045	1.64343	0.872188	470.78797105743615	0.187587	0.00291434	1646197.	0.872602	1.58375
0.914143	1.54996	1.63214	0.872602	471.78797105743615	0.187439	0.00290048	1646526.	0.873014
1.58469	0.914287	1.53955	1.62094	0.873014	472.78797105743615	0.187292	0.00288671	1646853.
0.873425	1.58563	0.91443	1.52922	1.60984	0.873425	473.78797105743615	0.187146	0.00287304
1647178.	0.873834	1.58657	0.914572	1.51897	1.59882	0.873834	474.78797105743615	0.187
0.00285944	1647502.	0.874242	1.5875	0.914713	1.50881	1.5879	0.874242	475.78797105743615
0.186855	0.00284594	1647824.	0.874648	1.58843	0.914854	1.49872	1.57706	0.874648
476.78797105743615	0.186711	0.00283252	1648145.	0.875053	1.58936	0.914994	1.48872	1.5663
0.875053	477.78797105743615	0.186567	0.00281918	1648464.	0.875456	1.59028	0.915132	1.47879
1.55564	0.875456	478.78797105743615	0.186424	0.00280593	1648782.	0.875858	1.5912	0.91527
1.46894	1.54505	0.875858	479.78797105743615	0.186282	0.00279277	1649098.	0.876258	1.59211
0.915408	1.45916	1.53456	0.876258	480.78797105743615	0.18614	0.00277968	1649413.	0.876657
1.59302	0.915544	1.44947	1.52414	0.876657	481.78797105743615	0.185999	0.00276668	1649726.
0.877054	1.59393	0.91568	1.43984	1.51381	0.877054	482.78797105743615	0.185859	0.00275376
1650038.	0.87745	1.59483	0.915815	1.43029	1.50356	0.87745	483.78797105743615	0.185719
0.00274092	1650348.	0.877845	1.59573	0.915949	1.42082	1.49339	0.877845	484.78797105743615
0.18558	0.00272817	1650657.	0.878238	1.59662	0.916082	1.41142	1.48331	0.878238
485.78797105743615	0.185441	0.00271549	1650965.	0.878629	1.59751	0.916215	1.40209	1.4733
0.878629	486.78797105743615	0.185303	0.00270289	1651271.	0.879019	1.5984	0.916346	1.39284
1.46337	0.879019	487.78797105743615	0.185166	0.00269036	1651576.	0.879408	1.59929	0.916477
1.38365	1.45352	0.879408	488.78797105743615	0.185029	0.00267792	1651879.	0.879795	1.60017
0.916608	1.37454	1.44374	0.879795	489.78797105743615	0.184893	0.00266555	1652181.	0.880181
1.60104	0.916737	1.36549	1.43404	0.880181	490.78797105743615	0.184758	0.00265326	1652481.
0.880566	1.60192	0.916866	1.35652	1.42442	0.880566	491.78797105743615	0.184623	0.00264104
1652780.	0.880949	1.60279	0.916994	1.34761	1.41488	0.880949	492.78797105743615	0.184489
0.0026289	1653078.	0.88133	1.60365	0.917122	1.33877	1.4054	0.88133	493.78797105743615
0.184355	0.00261683	1653374.	0.881711	1.60452	0.917248	1.33	1.396	0.881711
494.78797105743615	0.184222	0.00260484	1653669.	0.88209	1.60537	0.917374	1.32129	1.38668
0.88209	495.78797105743615	0.184089	0.00259292	1653963.	0.882467	1.60623	0.9175	1.31266
1.37743	0.882467	496.78797105743615	0.183958	0.00258107	1654255.	0.882843	1.60708	0.917624
1.30408	1.36825	0.882843	497.78797105743615	0.183826	0.00256929	1654546.	0.883218	1.60793
0.917748	1.29557	1.35914	0.883218	498.78797105743615	0.183696	0.00255759	1654836.	0.883592
1.60878	0.917871	1.28713	1.3501	0.883592	499.78797105743615	0.183565	0.00254595	1655124.
0.883964	1.60962	0.917994	1.27875	1.34113	0.883964	500.78797105743615	0.183436	0.00253439
1655411.	0.884334	1.61046	0.918116	1.27043	1.33223	0.884334	501.78797105743615	0.183307
0.0025229	1655697.	0.884704	1.61129	0.918237	1.26218	1.32339	0.884704	502.78797105743615
0.183178	0.00251147	1655981.	0.885072	1.61213	0.918357	1.25399	1.31463	0.885072
503.78797105743615	0.183051	0.00250011	1656264.	0.885439	1.61295	0.918477	1.24586	1.30593
0.885439	504.78797105743615	0.182923	0.00248882	1656546.	0.885804	1.61378	0.918596	1.23779
1.2973	0.885804	505.78797105743615	0.182797	0.0024776	1656826.	0.886169	1.6146	0.918715
1.22978	1.28874	0.886169	506.78797105743615	0.18267	0.00246645	1657106.	0.886531	1.61542
0.918833	1.22183	1.28024	0.886531	507.78797105743615	0.182545	0.00245536	1657384.	0.886893
1.61624	0.91895	1.21394	1.2718	0.886893	508.78797105743615	0.18242	0.00244433	1657660.
0.887253	1.61705	0.919067	1.20611	1.26343	0.887253	509.78797105743615	0.182295	0.00243338
1657936.	0.887612	1.61786	0.919183	1.19833	1.25513	0.887612	510.78797105743615	0.182171
0.00242248	1658210.	0.88797	1.61866	0.919298	1.19062	1.24688	0.88797	511.78797105743615
0.182048	0.00241165	1658483.	0.888326	1.61947	0.919413	1.18296	1.2387	0.888326
512.7879710574362	0.181925	0.00240089	1658755.	0.888682	1.62027	0.919527	1.17536	1.23058
0.888682	513.7879710574362	0.181802	0.00239019	1659026.	0.889036	1.62106	0.91964	1.16781
1.22252	0.889036	514.7879710574362	0.181681	0.00237955	1659295.	0.889388	1.62186	0.919753
1.16032	1.21453	0.889388	515.7879710574362	0.181559	0.00236897	1659564.	0.88974	1.62265
0.919865	1.15289	1.20659	0.88974	516.7879710574362	0.181438	0.00235845	1659831.	0.89009
1.62343	0.919977	1.14551	1.19871	0.89009	517.7879710574362	0.181318	0.002348	1660096.
0.890439	1.62422	0.920088	1.13818	1.1909	0.890439	518.7879710574362	0.181198	0.00233761
1660361.	0.890786	1.625	0.920199	1.13091	1.18314	0.890786	519.7879710574362	0.181079
0.00232727	1660625.	0.891133	1.62577	0.920309	1.1237	1.17544	0.891133	520.7879710574362
0.18096	0.002317	1660887.	0.891478	1.62655	0.920418	1.11653	1.16779	0.891478
521.7879710574362	0.180842	0.00230678	1661148.	0.891822	1.62732	0.920527	1.10942	1.16021
0.891822	522.7879710574362	0.180725	0.00229663	1661408.	0.892165	1.62809	0.920635	1.10236
1.15268	0.892165	523.7879710574362	0.180607	0.00228653	1661667.	0.892507	1.62886	0.920742
1.09535	1.1452	0.892507	524.7879710574362	0.180491	0.00227649	1661925.	0.892847	1.62962
0.92085	1.08839	1.13779	0.892847	525.7879710574362	0.180374	0.00226651	1662182.	0.893186
1.63038	0.920956	1.08148	1.13042	0.893186	526.7879710574362	0.180259	0.00225659	1662437.
0.893524	1.63113	0.921062	1.07462	1.12312	0.893524	527.7879710574362	0.180143	0.00224672
1662691.	0.893861	1.63189	0.921167	1.06782	1.11586	0.893861	528.7879710574362	0.180029
0.00223691	1662945.	0.894197	1.63264	0.921272	1.06106	1.10866	0.894197	529.7879710574362
0.179914	0.00222715	1663197.	0.894531	1.63339	0.921376	1.05435	1.10151	0.894531
530.7879710574362	0.179801	0.00221745	1663448.	0.894865	1.63413	0.92148	1.04769	1.09442
0.894865	531.7879710574362	0.179687	0.0022078	1663698.	0.895197	1.63487	0.921583	1.04107
1.08738	0.895197	532.7879710574362	0.179575	0.00219821	1663947.	0.895528	1.63561	0.921686
1.03451	1.08039	0.895528	533.7879710574362	0.179462	0.00218868	1664195.	0.895858	1.63635
0.921788	1.02799	1.07345	0.895858	534.7879710574362	0.17935	0.00217919	1664441.	0.896186
1.63708	0.92189	1.02152	1.06656	0.896186	535.7879710574362	0.179239	0.00216976	1664687.
0.896514	1.63781	0.921991	1.01509	1.05973	0.896514	536.7879710574362	0.179128	0.00216039
1664932.	0.89684	1.63854	0.922091	1.00872	1.05294	0.89684	537.7879710574362	0.179018
0.00215106	1665175.	0.897165	1.63927	0.922191	1.00238	1.0462	0.897165	538.7879710574362
0.178908	0.00214179	1665418.	0.89749	1.63999	0.922291	0.996095	1.03951	0.89749
539.7879710574362	0.178798	0.00213257	1665659.	0.897813	1.64071	0.92239	0.989852	1.03287
0.897813	540.7879710574362	0.178689	0.0021234	1665900.	0.898134	1.64143	0.922488	0.983654
1.02628	0.898134	541.7879710574362	0.178581	0.00211428	1666139.	0.898455	1.64214	0.922586
0.9775	1.01974	0.898455	542.7879710574362	0.178472	0.00210521	1666377.	0.898775	1.64285
0.922684	0.97139	1.01324	0.898775	543.7879710574362	0.178365	0.00209619	1666615.	0.899093
1.64356	0.922781	0.965323	1.0068	0.899093	544.7879710574362	0.178258	0.00208723	1666851.
0.899411	1.64427	0.922877	0.959299	1.00039	0.899411	545.7879710574362	0.178151	0.00207831
1667086.	0.899727	1.64497	0.922974	0.953318	0.994039	0.899727	546.7879710574362	0.178044
0.00206944	1667321.	0.900042	1.64567	0.923069	0.947379	0.987729	0.900042	547.7879710574362
0.177938	0.00206062	1667554.	0.900357	1.64637	0.923164	0.941482	0.981465	0.900357
548.7879710574362	0.177833	0.00205185	1667786.	0.90067	1.64706	0.923259	0.935626	0.975247
0.90067	549.7879710574362	0.177728	0.00204312	1668017.	0.900982	1.64776	0.923353	0.929812
0.969073	0.900982	550.7879710574362	0.177623	0.00203445	1668248.	0.901293	1.64845	0.923447
0.924039	0.962943	0.901293	551.7879710574362	0.177519	0.00202582	1668477.	0.901602	1.64913
0.92354	0.918307	0.956858	0.901602	552.7879710574362	0.177416	0.00201724	1668706.	0.901911
1.64982	0.923632	0.912615	0.950816	0.901911	553.7879710574362	0.177312	0.0020087	1668933.
0.902219	1.6505	0.923725	0.906963	0.944818	0.902219	554.7879710574362	0.177209	0.00200021
1669159.	0.902526	1.65118	0.923817	0.90135	0.938862	0.902526	555.7879710574362	0.177107
0.00199177	1669385.	0.902831	1.65186	0.923908	0.895777	0.932949	0.902831	556.7879710574362
0.177005	0.00198337	1669609.	0.903136	1.65253	0.923999	0.890242	0.927079	0.903136
557.7879710574362	0.176903	0.00197502	1669833.	0.903439	1.65321	0.924089	0.884747	0.92125
0.903439	558.7879710574362	0.176802	0.00196671	1670056.	0.903742	1.65387	0.924179	0.879289
0.915463	0.903742	559.7879710574362	0.176701	0.00195845	1670277.	0.904043	1.65454	0.924269
0.87387	0.909717	0.904043	560.7879710574362	0.176601	0.00195023	1670498.	0.904344	1.65521
0.924358	0.868488	0.904011	0.904344	561.7879710574362	0.176501	0.00194206	1670718.	0.904643
1.65587	0.924447	0.863144	0.898347	0.904643	562.7879710574362	0.176401	0.00193393	1670937.
0.904941	1.65653	0.924535	0.857837	0.892722	0.904941	563.7879710574362	0.176302	0.00192585
1671155.	0.905239	1.65719	0.924623	0.852567	0.887137	0.905239	564.7879710574362	0.176204
0.0019178	1671372.	0.905535	1.65784	0.92471	0.847333	0.881592	0.905535	565.7879710574362
0.176105	0.0019098	1671588.	0.905831	1.65849	0.924797	0.842135	0.876086	0.905831
566.7879710574362	0.176007	0.00190184	1671804.	0.906125	1.65914	0.924883	0.836974	0.870618
0.906125	567.7879710574362	0.17591	0.00189393	1672018.	0.906418	1.65979	0.92497	0.831848
0.86519	0.906418	568.7879710574362	0.175813	0.00188605	1672232.	0.906711	1.66043	0.925055
0.826757	0.859799	0.906711	569.7879710574362	0.175716	0.00187822	1672444.	0.907002	1.66108
0.925141	0.821701	0.854447	0.907002	570.7879710574362	0.17562	0.00187043	1672656.	0.907292
1.66172	0.925225	0.81668	0.849132	0.907292	571.7879710574362	0.175524	0.00186268	1672867.
0.907582	1.66235	0.92531	0.811694	0.843854	0.907582	572.7879710574362	0.175428	0.00185497
1673077.	0.90787	1.66299	0.925394	0.806742	0.838613	0.90787	573.7879710574362	0.175333
0.00184731	1673286.	0.908157	1.66362	0.925478	0.801824	0.833409	0.908157	574.7879710574362
0.175238	0.00183968	1673494.	0.908444	1.66425	0.925561	0.796939	0.828241	0.908444
575.7879710574362	0.175144	0.00183209	1673702.	0.908729	1.66488	0.925644	0.792088	0.82311
0.908729	576.7879710574362	0.17505	0.00182454	1673908.	0.909014	1.66551	0.925726	0.78727
0.818014	0.909014	577.7879710574362	0.174956	0.00181703	1674114.	0.909297	1.66613	0.925808
0.782485	0.812954	0.909297	578.7879710574362	0.174863	0.00180956	1674319.	0.90958	1.66675
0.92589	0.777732	0.807929	0.90958	579.7879710574362	0.17477	0.00180213	1674523.	0.909862
1.66737	0.925971	0.773012	0.802938	0.909862	580.7879710574362	0.174677	0.00179474	1674726.
0.910142	1.66799	0.926052	0.768324	0.797983	0.910142	581.7879710574362	0.174585	0.00178738
1674928.	0.910422	1.6686	0.926132	0.763668	0.793062	0.910422	582.7879710574362	0.174494
0.00178007	1675130.	0.910701	1.66922	0.926213	0.759043	0.788175	0.910701	583.7879710574362
0.174402	0.00177279	1675331.	0.910979	1.66983	0.926292	0.75445	0.783321	0.910979
584.7879710574362	0.174311	0.00176555	1675531.	0.911256	1.67043	0.926372	0.749888	0.778502
0.911256	585.7879710574362	0.17422	0.00175835	1675730.	0.911531	1.67104	0.926451	0.745357
0.773715	0.911531	586.7879710574362	0.17413	0.00175118	1675928.	0.911807	1.67164	0.926529
0.740856	0.768962	0.911807	587.7879710574362	0.17404	0.00174405	1676125.	0.912081	1.67224
0.926608	0.736386	0.764242	0.912081	588.7879710574362	0.173951	0.00173696	1676322.	0.912354
1.67284	0.926685	0.731946	0.759553	0.912354	589.7879710574362	0.173861	0.0017299	1676518.
0.912626	1.67344	0.926763	0.727536	0.754898	0.912626	590.7879710574362	0.173772	0.00172288
1676713.	0.912898	1.67403	0.92684	0.723155	0.750274	0.912898	591.7879710574362	0.173684
0.0017159	1676907.	0.913168	1.67463	0.926917	0.718804	0.745682	0.913168	592.7879710574362
0.173596	0.00170895	1677101.	0.913438	1.67522	0.926993	0.714483	0.741121	0.913438
593.7879710574362	0.173508	0.00170203	1677293.	0.913706	1.67581	0.927069	0.71019	0.736591
0.913706	594.7879710574362	0.17342	0.00169515	1677485.	0.913974	1.67639	0.927145	0.705926
0.732093	0.913974	595.7879710574362	0.173333	0.00168831	1677676.	0.914241	1.67698	0.927221
0.70169	0.727625	0.914241	596.7879710574362	0.173246	0.0016815	1677867.	0.914507	1.67756
0.927296	0.697483	0.723188	0.914507	597.7879710574362	0.17316	0.00167473	1678056.	0.914772
1.67814	0.92737	0.693304	0.718781	0.914772	598.7879710574362	0.173074	0.00166799	1678245.
0.915036	1.67871	0.927445	0.689153	0.714404	0.915036	599.7879710574362	0.172988	0.00166128
1678433.	0.9153	1.67929	0.927519	0.685029	0.710057	0.9153	600.7879710574362	0.172903
0.00165461	1678620.	0.915562	1.67986	0.927592	0.680933	0.705739	0.915562	601.7879710574362
0.172818	0.00164797	1678807.	0.915824	1.68043	0.927665	0.676864	0.701451	0.915824
602.7879710574362	0.172733	0.00164136	1678993.	0.916084	1.681	0.927738	0.672823	0.697191
0.916084	603.7879710574362	0.172648	0.00163479	1679178.	0.916344	1.68157	0.927811	0.668808
0.692961	0.916344	604.7879710574362	0.172564	0.00162825	1679362.	0.916603	1.68214	0.927883
0.66482	0.688759	0.916603	605.7879710574362	0.17248	0.00162174	1679546.	0.916861	1.6827
0.927955	0.660858	0.684586	0.916861	606.7879710574362	0.172397	0.00161527	1679729.	0.917119
1.68326	0.928027	0.656922	0.680441	0.917119	607.7879710574362	0.172314	0.00160883	1679911.
0.917375	1.68382	0.928098	0.653013	0.676323	0.917375	608.7879710574362	0.172231	0.00160241
1680092.	0.91763	1.68438	0.928169	0.649129	0.672234	0.91763	609.7879710574362	0.172149
0.00159604	1680273.	0.917885	1.68493	0.92824	0.645271	0.668172	0.917885	610.7879710574362
0.172066	0.00158969	1680453.	0.918139	1.68549	0.92831	0.641438	0.664137	0.918139
611.7879710574362	0.171985	0.00158337	1680632.	0.918392	1.68604	0.92838	0.637631	0.66013
0.918392	612.7879710574362	0.171903	0.00157709	1680811.	0.918644	1.68659	0.92845	0.633848
0.656149	0.918644	613.7879710574362	0.171822	0.00157084	1680988.	0.918896	1.68713	0.928519
0.630091	0.652195	0.918896	614.7879710574362	0.171741	0.00156461	1681166.	0.919146	1.68768
0.928589	0.626358	0.648268	0.919146	615.7879710574362	0.171661	0.00155842	1681342.	0.919396
1.68822	0.928657	0.62265	0.644367	0.919396	616.7879710574362	0.17158	0.00155226	1681518.
0.919645	1.68876	0.928726	0.618966	0.640492	0.919645	617.7879710574362	0.1715	0.00154613
1681693.	0.919893	1.6893	0.928794	0.615306	0.636643	0.919893	618.7879710574362	0.171421
0.00154003	1681867.	0.92014	1.68984	0.928862	0.61167	0.63282	0.92014	619.7879710574362
0.171341	0.00153395	1682041.	0.920386	1.69037	0.928929	0.608058	0.629022	0.920386
620.7879710574362	0.171262	0.00152791	1682214.	0.920632	1.69091	0.928997	0.604469	0.625249
0.920632	621.7879710574362	0.171184	0.0015219	1682386.	0.920877	1.69144	0.929064	0.600904
0.621502	0.920877	622.7879710574362	0.171105	0.00151592	1682557.	0.921121	1.69197	0.92913
0.597362	0.617779	0.921121	623.7879710574362	0.171027	0.00150996	1682728.	0.921364	1.6925
0.929197	0.593844	0.614081	0.921364	624.7879710574362	0.170949	0.00150404	1682899.	0.921606
1.69302	0.929263	0.590348	0.610408	0.921606	625.7879710574362	0.170872	0.00149814	1683068.
0.921848	1.69355	0.929328	0.586875	0.606759	0.921848	626.7879710574362	0.170795	0.00149227
1683237.	0.922089	1.69407	0.929394	0.583424	0.603134	0.922089	627.7879710574362	0.170718
0.00148643	1683405.	0.922329	1.69459	0.929459	0.579996	0.599533	0.922329	628.7879710574362
0.170641	0.00148062	1683573.	0.922568	1.69511	0.929524	0.57659	0.595956	0.922568
629.7879710574362	0.170565	0.00147484	1683740.	0.922806	1.69563	0.929589	0.573206	0.592403
0.922806	630.7879710574362	0.170489	0.00146909	1683906.	0.923044	1.69614	0.929653	0.569844
0.588873	0.923044	631.7879710574362	0.170413	0.00146336	1684072.	0.923281	1.69665	0.929717
0.566504	0.585366	0.923281	632.7879710574362	0.170338	0.00145766	1684237.	0.923517	1.69717
0.929781	0.563185	0.581883	0.923517	633.7879710574362	0.170263	0.00145198	1684401.	0.923752
1.69768	0.929844	0.559888	0.578422	0.923752	634.7879710574362	0.170188	0.00144634	1684565.
0.923987	1.69818	0.929907	0.556612	0.574984	0.923987	635.7879710574362	0.170113	0.00144072
1684728.	0.924221	1.69869	0.92997	0.553357	0.571569	0.924221	636.7879710574362	0.170039
0.00143513	1684891.	0.924454	1.69919	0.930033	0.550123	0.568176	0.924454	637.7879710574362
0.169965	0.00142956	1685052.	0.924686	1.6997	0.930095	0.546909	0.564806	0.924686
638.7879710574362	0.169891	0.00142402	1685214.	0.924917	1.7002	0.930157	0.543717	0.561457
0.924917	639.7879710574362	0.169818	0.00141851	1685374.	0.925148	1.7007	0.930219	0.540545
0.55813	0.925148	640.7879710574362	0.169744	0.00141303	1685534.	0.925378	1.70119	0.930281
0.537393	0.554826	0.925378	641.7879710574362	0.169672	0.00140757	1685693.	0.925607	1.70169
0.930342	0.534262	0.551542	0.925607	642.7879710574362	0.169599	0.00140213	1685852.	0.925836
1.70218	0.930403	0.53115	0.54828	0.925836	643.7879710574362	0.169527	0.00139672	1686010.
0.926064	1.70267	0.930464	0.528059	0.54504	0.926064	644.7879710574362	0.169455	0.00139134
1686168.	0.926291	1.70316	0.930524	0.524987	0.54182	0.926291	645.7879710574362	0.169383
0.00138598	1686325.	0.926517	1.70365	0.930584	0.521935	0.538622	0.926517	646.7879710574362
0.169311	0.00138065	1686481.	0.926742	1.70414	0.930644	0.518902	0.535444	0.926742
647.7879710574362	0.16924	0.00137534	1686637.	0.926967	1.70462	0.930704	0.515889	0.532287
0.926967	648.7879710574362	0.169169	0.00137006	1686792.	0.927191	1.70511	0.930764	0.512895
0.529151	0.927191	649.7879710574362	0.169098	0.0013648	1686946.	0.927415	1.70559	0.930823
0.50992	0.526034	0.927415	650.7879710574362	0.169028	0.00135957	1687100.	0.927637	1.70607
0.930882	0.506964	0.522938	0.927637	651.7879710574362	0.168958	0.00135436	1687253.	0.927859
1.70655	0.93094	0.504026	0.519862	0.927859	652.7879710574362	0.168888	0.00134918	1687406.
0.92808	1.70702	0.930999	0.501108	0.516806	0.92808	653.7879710574362	0.168818	0.00134402
1687558.	0.928301	1.7075	0.931057	0.498207	0.51377	0.928301	654.7879710574362	0.168749
0.00133888	1687710.	0.92852	1.70797	0.931115	0.495326	0.510753	0.92852	655.7879710574362
0.16868	0.00133377	1687861.	0.928739	1.70844	0.931173	0.492462	0.507756	0.928739
656.7879710574362	0.168611	0.00132868	1688011.	0.928958	1.70891	0.93123	0.489617	0.504778
0.928958	657.7879710574362	0.168542	0.00132362	1688161.	0.929175	1.70938	0.931287	0.486789
0.501819	0.929175	658.7879710574362	0.168474	0.00131858	1688310.	0.929392	1.70985	0.931344
0.48398	0.49888	0.929392	659.7879710574362	0.168406	0.00131356	1688459.	0.929608	1.71031
0.931401	0.481188	0.495959	0.929608	660.7879710574362	0.168338	0.00130857	1688607.	0.929824
1.71078	0.931458	0.478413	0.493057	0.929824	661.7879710574362	0.16827	0.00130359	1688755.
0.930039	1.71124	0.931514	0.475657	0.490174	0.930039	662.7879710574362	0.168203	0.00129865
1688902.	0.930253	1.7117	0.93157	0.472917	0.487309	0.930253	663.7879710574362	0.168136
0.00129372	1689048.	0.930466	1.71216	0.931626	0.470195	0.484462	0.930466	664.7879710574362
0.168069	0.00128882	1689194.	0.930679	1.71262	0.931681	0.46749	0.481634	0.930679