t	Ns	Ni	Dead_pi_0.0062	A	LogRS	Rt	DiscHealthCost	DiscTotalCost
0.	0.999922	0.0000526859	51.0652	0.70343	0.42783	1.53381	0.182376	6.97386
0.70343	1.	0.99991	0.0000568576	66.9696	0.703256	0.427334	1.53303	0.196612
6.99002	0.703256	2.	0.999897	0.0000613528	84.1324	0.703081	0.426836	1.53224
0.211935	7.00729	0.703081	3.	0.999883	0.000066196	102.651	0.702905	0.426336
1.53146	0.228428	7.02575	0.702905	4.	0.999868	0.0000714134	122.63	0.702729
0.425834	1.53066	0.246175	7.04549	0.702729	5.	0.999852	0.0000770333	144.183
0.702552	0.42533	1.52987	0.265272	7.06661	0.702552	6.	0.999835	0.000083086
167.431	0.702374	0.424823	1.52907	0.285817	7.08921	0.702374	7.	0.999816
0.000089604	192.504	0.702195	0.424314	1.52826	0.307918	7.1134	0.702195	8.
0.999795	0.0000966221	219.542	0.702016	0.423803	1.52745	0.33169	7.13929	0.702016
9.	0.999774	0.000104178	248.696	0.701835	0.423288	1.52663	0.357256	7.16702
0.701835	10.	0.99975	0.000112311	280.128	0.701653	0.42277	1.5258	0.384746
7.19672	0.701653	11.	0.999725	0.000121065	314.012	0.701471	0.422249	1.52497
0.414303	7.22852	0.701471	12.	0.999697	0.000130486	350.535	0.701287	0.421725
1.52413	0.446077	7.2626	0.701287	13.	0.999668	0.000140622	389.897	0.701101
0.421197	1.52328	0.48023	7.2991	0.701101	14.	0.999636	0.000151528	432.315
0.700915	0.420664	1.52242	0.516935	7.33821	0.700915	15.	0.999602	0.000163259
478.019	0.700727	0.420127	1.52155	0.556377	7.38012	0.700727	16.	0.999565
0.000175877	527.259	0.700537	0.419586	1.52067	0.598753	7.42504	0.700537	17.
0.999525	0.000189446	580.301	0.700346	0.41904	1.51978	0.644275	7.47316	0.700346
18.	0.999483	0.000204035	637.431	0.700152	0.418488	1.51888	0.693169	7.52474
0.700152	19.	0.999437	0.000219719	698.957	0.699957	0.41793	1.51796	0.745677
7.58001	0.699957	20.	0.999387	0.000236578	765.208	0.69976	0.417367	1.51703
0.802057	7.63925	0.69976	21.	0.999334	0.000254696	836.537	0.699561	0.416796
1.51608	0.862584	7.70272	0.699561	22.	0.999277	0.000274165	913.324	0.699359
0.416219	1.51512	0.927552	7.77074	0.699359	23.	0.999215	0.000295081	995.975
0.699154	0.415634	1.51414	0.997275	7.84362	0.699154	24.	0.999149	0.000317547
1084.92	0.698947	0.415041	1.51314	1.07209	7.92171	0.698947	25.	0.999078
0.000341675	1180.64	0.698737	0.414439	1.51213	1.15235	8.00537	0.698737	26.
0.999001	0.000367582	1283.62	0.698523	0.413828	1.51109	1.23843	8.09499	0.698523
27.	0.998919	0.000395395	1394.4	0.698306	0.413207	1.51002	1.33075	8.19099
0.698306	28.	0.99883	0.000425246	1513.55	0.698086	0.412576	1.50894	1.42973
8.29381	0.698086	29.	0.998735	0.000457279	1641.69	0.697861	0.411933	1.50782
1.53583	8.40391	0.697861	30.	0.998633	0.000491646	1779.47	0.697633	0.411277
1.50668	1.64953	8.5218	0.697633	31.	0.998524	0.000528508	1927.59	0.6974
0.410609	1.50551	1.77137	8.64801	0.6974	32.	0.998406	0.000568038	2086.81
0.697162	0.409927	1.50431	1.90188	8.7831	0.697162	33.	0.998279	0.000610418
2257.92	0.696919	0.40923	1.50307	2.04164	8.92767	0.696919	34.	0.998143
0.000655842	2441.77	0.69667	0.408516	1.50179	2.19129	9.08234	0.69667	35.
0.997998	0.000704516	2639.29	0.696416	0.407786	1.50048	2.35147	9.24781	0.696416
36.	0.997841	0.000756657	2851.45	0.696156	0.407038	1.49912	2.52287	9.42476
0.696156	37.	0.997673	0.000812498	3079.29	0.695888	0.40627	1.49771	2.70624
9.61397	0.695888	38.	0.997493	0.000872282	3323.92	0.695614	0.405481	1.49626
2.90234	9.81621	0.695614	39.	0.9973	0.000936267	3586.52	0.695332	0.404671
1.49476	3.112	10.0323	0.695332	40.	0.997093	0.00100473	3868.35	0.695042
0.403836	1.49321	3.33607	10.2632	0.695042	41.	0.996871	0.00107795	4170.75
0.694743	0.402977	1.49159	3.57547	10.5098	0.694743	42.	0.996633	0.00115623
4495.16	0.694436	0.40209	1.48991	3.83114	10.7731	0.694436	43.	0.996379
0.0012399	4843.08	0.694118	0.401175	1.48817	4.1041	11.054	0.694118	44.
0.996106	0.00132928	5216.13	0.69379	0.40023	1.48636	4.39538	11.3537	0.69379
45.	0.995814	0.00142474	5616.02	0.693451	0.399252	1.48447	4.7061	11.6734
0.693451	46.	0.995501	0.00152662	6044.56	0.6931	0.39824	1.4825	5.03739
12.0141	0.6931	47.	0.995167	0.00163532	6503.69	0.692737	0.397192	1.48045
5.39046	12.3771	0.692737	48.	0.994809	0.00175124	6995.43	0.69236	0.396105
1.47831	5.76655	12.7637	0.69236	49.	0.994426	0.00187479	7521.95	0.69197
0.394976	1.47608	6.16695	13.1753	0.69197	50.	0.994018	0.0020064	8085.51
0.691565	0.393804	1.47374	6.593	13.6131	0.691565	51.	0.993581	0.00214651
8688.55	0.691143	0.392586	1.4713	7.04608	14.0786	0.691143	52.	0.993115
0.0022956	9333.57	0.690706	0.391319	1.46875	7.52761	14.5733	0.690706	53.
0.992617	0.00245412	10023.3	0.69025	0.39	1.46608	8.03906	15.0986	0.69025
54.	0.992086	0.00262256	10760.4	0.689777	0.388627	1.46328	8.5819	15.6562
0.689777	55.	0.99152	0.00280142	11548.1	0.689283	0.387197	1.46036	9.15765
16.2475	0.689283	56.	0.990917	0.0029912	12389.2	0.68877	0.385705	1.45729
9.76785	16.8741	0.68877	57.	0.990274	0.00319241	13287.1	0.688234	0.38415
1.45408	10.414	17.5376	0.688234	58.	0.98959	0.00340555	14245.2	0.687676
0.382527	1.45072	11.0978	18.2397	0.687676	59.	0.988861	0.00363114	15267.1
0.687094	0.380835	1.4472	11.8206	18.9818	0.687094	60.	0.988087	0.00386968
16356.3	0.686488	0.379068	1.44352	12.584	19.7657	0.686488	61.	0.987265
0.00412166	17516.8	0.685855	0.377223	1.43966	13.3895	20.5927	0.685855	62.
0.986391	0.00438758	18752.4	0.685195	0.375298	1.43562	14.2386	21.4644	0.685195
63.	0.985464	0.00466791	20067.5	0.684507	0.373289	1.43139	15.1325	22.3822
0.684507	64.	0.984481	0.00496307	21466.1	0.683789	0.371191	1.42697	16.0726
23.3475	0.683789	65.	0.98344	0.00527348	22952.6	0.683041	0.369002	1.42234
17.0601	24.3614	0.683041	66.	0.982337	0.00559953	24531.6	0.682262	0.366718
1.4175	18.096	25.4251	0.682262	67.	0.981171	0.00594154	26207.7	0.681449
0.364336	1.41245	19.1813	26.5396	0.681449	68.	0.979939	0.00629978	27985.4
0.680604	0.361852	1.40718	20.3167	27.7056	0.680604	69.	0.978637	0.00667449
29869.6	0.679723	0.359263	1.40168	21.5027	28.9237	0.679723	70.	0.977265
0.00706582	31865.1	0.678807	0.356566	1.39594	22.7398	30.1943	0.678807	71.
0.975819	0.00747383	33976.7	0.677855	0.353759	1.38997	24.0278	31.5175	0.677855
72.	0.974296	0.00789853	36209.2	0.676866	0.350839	1.38375	25.3668	32.8931
0.676866	73.	0.972695	0.0083398	38567.5	0.67584	0.347803	1.37729	26.7561
34.3206	0.67584	74.	0.971013	0.00879745	41056.5	0.674775	0.34465	1.37058
28.195	35.7993	0.674775	75.	0.969249	0.00927116	43680.7	0.673672	0.341378
1.36362	29.6822	37.328	0.673672	76.	0.967401	0.00976049	46444.8	0.67253
0.337986	1.35641	31.2163	38.9051	0.67253	77.	0.965466	0.0102649	49353.3
0.67135	0.334473	1.34895	32.7953	40.5287	0.67135	78.	0.963444	0.0107837
52410.4	0.670132	0.33084	1.34125	34.4169	42.1964	0.670132	79.	0.961333
0.011316	55620.2	0.668875	0.327086	1.33329	36.0783	43.9054	0.668875	80.
0.959133	0.0118609	58986.5	0.667581	0.323212	1.3251	37.7763	45.6526	0.667581
81.	0.956843	0.0124173	62512.8	0.666249	0.31922	1.31667	39.5072	47.4341
0.666249	82.	0.954462	0.0129839	66202.3	0.664882	0.315112	1.30801	41.2671
49.2459	0.664882	83.	0.951991	0.0135594	70057.7	0.663481	0.31089	1.29912
43.0513	51.0835	0.663481	84.	0.949429	0.0141422	74081.4	0.662045	0.306559
1.29003	44.8551	52.9417	0.662045	85.	0.946778	0.0147307	78275.3	0.660578
0.302122	1.28073	46.673	54.8153	0.660578	86.	0.944039	0.0153232	82640.8
0.659081	0.297585	1.27125	48.4995	56.6985	0.659081	87.	0.941213	0.0159176
87178.7	0.657556	0.292951	1.26158	50.3286	58.5851	0.657556	88.	0.938302
0.0165121	91889.3	0.656005	0.288229	1.25175	52.154	60.4688	0.656005	89.
0.935309	0.0171046	96772.5	0.654431	0.283424	1.24178	53.9693	62.3429	0.654431
90.	0.932235	0.017693	101827.	0.652836	0.278544	1.23167	55.7676	64.2007
0.652836	91.	0.929083	0.018275	107052.	0.651224	0.273598	1.22145	57.5422
66.0349	0.651224	92.	0.925858	0.0188486	112445.	0.649596	0.268593	1.21114
59.2863	67.8388	0.649596	93.	0.922562	0.0194113	118003.	0.647957	0.263539
1.20074	60.9929	69.6051	0.647957	94.	0.9192	0.0199612	123722.	0.646309
0.258446	1.19029	62.6553	71.327	0.646309	95.	0.915775	0.0204959	129599.
0.644655	0.253324	1.17979	64.2667	72.9974	0.644655	96.	0.912293	0.0210133
135629.	0.643	0.248182	1.16928	65.8207	74.6099	0.643	97.	0.908757
0.0215115	141807.	0.641347	0.243031	1.15876	67.3111	76.1578	0.641347	98.
0.905172	0.0219885	148126.	0.639698	0.237883	1.14827	68.7319	77.6353	0.639698
99.	0.901544	0.0224424	154580.	0.638057	0.232748	1.13781	70.0778	79.0365
0.638057	100.	0.897878	0.0228716	161163.	0.636429	0.227636	1.1274	71.3436
80.3562	0.636429	101.	0.894179	0.0232744	167867.	0.634815	0.222559	1.11707
72.5248	81.5897	0.634815	102.	0.890452	0.0236496	174683.	0.63322	0.217528
1.10683	73.6172	82.7327	0.63322	103.	0.886702	0.0239959	181605.	0.631647
0.212553	1.0967	74.6174	83.7816	0.631647	104.	0.882934	0.0243123	188623.
0.630099	0.207644	1.08669	75.5226	84.7332	0.630099	105.	0.879155	0.0245979
195728.	0.628578	0.202811	1.07683	76.3302	85.5851	0.628578	106.	0.875368
0.024852	202912.	0.627088	0.198064	1.06711	77.0386	86.3353	0.627088	107.
0.871579	0.0250743	210165.	0.625631	0.193413	1.05756	77.6466	86.9826	0.625631
108.	0.867793	0.0252643	217478.	0.62421	0.188865	1.04819	78.1538	87.5264
0.62421	109.	0.864015	0.0254221	224841.	0.622827	0.184429	1.03901	78.5601
87.9665	0.622827	110.	0.860248	0.0255477	232246.	0.621485	0.180114	1.03002
78.866	88.3034	0.621485	111.	0.856498	0.0256414	239682.	0.620184	0.175924
1.02124	79.0727	88.5381	0.620184	112.	0.852768	0.0257035	247141.	0.618928
0.171869	1.01268	79.1819	88.6723	0.618928	113.	0.849062	0.0257347	254613.
0.617717	0.167952	1.00434	79.1955	88.7079	0.617717	114.	0.845384	0.0257357
262091.	0.616553	0.16418	0.996223	79.1161	88.6473	0.616553	115.	0.841738
0.0257072	269564.	0.615437	0.160557	0.988339	78.9464	88.4934	0.615437	116.
0.838126	0.0256504	277024.	0.61437	0.157087	0.980689	78.6898	88.2494	0.61437
117.	0.834552	0.0255661	284465.	0.613353	0.153774	0.973277	78.3496	87.9188
0.613353	118.	0.831017	0.0254555	291877.	0.612387	0.150621	0.966104	77.9297
87.5053	0.612387	119.	0.827526	0.02532	299253.	0.611472	0.147629	0.959171
77.434	87.0129	0.611472	120.	0.824079	0.0251606	306586.	0.610607	0.1448
0.952478	76.8665	86.4457	0.610607	121.	0.820679	0.0249788	313870.	0.609795
0.142136	0.946024	76.2317	85.8082	0.609795	122.	0.817328	0.0247758	321097.
0.609033	0.139637	0.93981	75.5337	85.1045	0.609033	123.	0.814027	0.0245532
328263.	0.608323	0.137303	0.933832	74.7769	84.3392	0.608323	124.	0.810778
0.0243121	335362.	0.607663	0.135133	0.928089	73.9657	83.5167	0.607663	125.
0.807581	0.0240541	342387.	0.607054	0.133128	0.922577	73.1046	82.6416	0.607054
126.	0.804437	0.0237805	349336.	0.606495	0.131285	0.917294	72.1978	81.7181
0.606495	127.	0.801348	0.0234926	356203.	0.605985	0.129603	0.912236	71.2496
80.7506	0.605985	128.	0.798314	0.0231918	362985.	0.605524	0.128081	0.9074
70.2642	79.7435	0.605524	129.	0.795336	0.0228795	369677.	0.605111	0.126715
0.90278	69.2457	78.7009	0.605111	130.	0.792413	0.0225567	376277.	0.604744
0.125503	0.898373	68.1979	77.6268	0.604744	131.	0.789546	0.0222249	382782.
0.604424	0.124442	0.894174	67.1247	76.5251	0.604424	132.	0.786735	0.0218851
389190.	0.604148	0.123529	0.890177	66.0297	75.3995	0.604148	133.	0.78398
0.0215386	395498.	0.603916	0.122761	0.886379	64.9165	74.2537	0.603916	134.
0.78128	0.0211863	401704.	0.603727	0.122135	0.882774	63.7883	73.0911	0.603727
135.	0.778636	0.0208293	407807.	0.603579	0.121646	0.879356	62.6482	71.9149
0.603579	136.	0.776047	0.0204686	413806.	0.603472	0.12129	0.87612	61.4993
70.7282	0.603472	137.	0.773512	0.0201051	419700.	0.603404	0.121065	0.873062
60.3443	69.5338	0.603404	138.	0.771032	0.0197397	425487.	0.603374	0.120965
0.870175	59.1859	68.3346	0.603374	139.	0.768604	0.0193732	431169.	0.60338
0.120987	0.867455	58.0265	67.133	0.60338	140.	0.76623	0.0190063	436744.
0.603422	0.121127	0.864896	56.8684	65.9314	0.603422	141.	0.763907	0.0186397
442212.	0.603499	0.12138	0.862492	55.7136	64.7321	0.603499	142.	0.761636
0.0182742	447574.	0.603608	0.121742	0.86024	54.5641	63.5369	0.603608	143.
0.759416	0.0179102	452830.	0.603749	0.122209	0.858132	53.4217	62.3478	0.603749
144.	0.757245	0.0175484	457981.	0.603921	0.122777	0.856166	52.288	61.1666
0.603921	145.	0.755123	0.0171892	463026.	0.604121	0.123442	0.854334	51.1645
59.9947	0.604121	146.	0.753049	0.0168331	467968.	0.60435	0.124199	0.852633
50.0525	58.8335	0.60435	147.	0.751022	0.0164806	472807.	0.604606	0.125045
0.851057	48.9532	57.6844	0.604606	148.	0.749041	0.0161319	477544.	0.604887
0.125975	0.849603	47.8677	56.5485	0.604887	149.	0.747105	0.0157875	482181.
0.605193	0.126986	0.848264	46.7969	55.4269	0.605193	150.	0.745214	0.0154476
486718.	0.605522	0.128073	0.847037	45.7417	54.3203	0.605522	151.	0.743367
0.0151125	491157.	0.605873	0.129232	0.845918	44.7028	53.2297	0.605873	152.
0.741562	0.0147824	495499.	0.606245	0.130461	0.844901	43.6809	52.1556	0.606245
153.	0.739798	0.0144575	499746.	0.606638	0.131755	0.843983	42.6764	51.0988
0.606638	154.	0.738075	0.0141379	503900.	0.607049	0.133111	0.84316	41.6898
50.0597	0.607049	155.	0.736392	0.013824	507961.	0.607479	0.134525	0.842427
40.7215	49.0387	0.607479	156.	0.734747	0.0135156	511932.	0.607925	0.135994
0.841782	39.7718	48.0361	0.607925	157.	0.733141	0.013213	515815.	0.608387
0.137515	0.84122	38.8409	47.0523	0.608387	158.	0.731571	0.0129162	519610.
0.608865	0.139085	0.840737	37.9289	46.0874	0.608865	159.	0.730038	0.0126253
523320.	0.609357	0.140699	0.840331	37.036	45.1417	0.609357	160.	0.72854
0.0123403	526946.	0.609862	0.142356	0.839997	36.1622	44.215	0.609862	161.
0.727076	0.0120612	530491.	0.610379	0.144053	0.839733	35.3076	43.3076	0.610379
162.	0.725646	0.011788	533955.	0.610909	0.145786	0.839535	34.4719	42.4194
0.610909	163.	0.724248	0.0115207	537340.	0.611449	0.147553	0.8394	33.6553
41.5503	0.611449	164.	0.722882	0.0112593	540649.	0.611999	0.149352	0.839326
32.8575	40.7003	0.611999	165.	0.721548	0.0110038	543883.	0.612558	0.15118
0.839309	32.0784	39.8692	0.612558	166.	0.720243	0.0107541	547043.	0.613127
0.153035	0.839347	31.3179	39.0569	0.613127	167.	0.718969	0.0105102	550132.
0.613703	0.154914	0.839437	30.5757	38.2631	0.613703	168.	0.717722	0.0102719
553151.	0.614287	0.156815	0.839577	29.8515	37.4878	0.614287	169.	0.716504
0.0100393	556101.	0.614877	0.158736	0.839764	29.1452	36.7306	0.614877	170.
0.715313	0.0098123	558984.	0.615474	0.160676	0.839995	28.4564	35.9912	0.615474
171.	0.714149	0.00959074	561803.	0.616076	0.162631	0.84027	27.7849	35.2695
0.616076	172.	0.713011	0.00937458	564557.	0.616683	0.164601	0.840584	27.1304
34.5652	0.616683	173.	0.711897	0.00916372	567250.	0.617294	0.166583	0.840937
26.4926	33.8779	0.617294	174.	0.710809	0.00895809	569882.	0.61791	0.168576
0.841326	25.8712	33.2074	0.61791	175.	0.709744	0.00875758	572455.	0.618529
0.170579	0.84175	25.2658	32.5533	0.618529	176.	0.708702	0.00856209	574971.
0.619151	0.172589	0.842206	24.6761	31.9154	0.619151	177.	0.707683	0.00837153
577431.	0.619775	0.174606	0.842693	24.1018	31.2932	0.619775	178.	0.706687
0.0081858	579836.	0.620402	0.176627	0.843209	23.5425	30.6866	0.620402	179.
0.705711	0.00800479	582187.	0.621031	0.178653	0.843752	22.998	30.0951	0.621031
180.	0.704757	0.00782841	584487.	0.621661	0.180681	0.844321	22.4678	29.5184
0.621661	181.	0.703822	0.00765655	586736.	0.622292	0.18271	0.844915	21.9517
28.9562	0.622292	182.	0.702908	0.00748912	588936.	0.622923	0.184739	0.845531
21.4493	28.4082	0.622923	183.	0.702013	0.007326	591088.	0.623555	0.186767
0.846169	20.9603	27.8741	0.623555	184.	0.701137	0.00716709	593193.	0.624188
0.188793	0.846827	20.4843	27.3534	0.624188	185.	0.700279	0.0070123	595253.
0.624819	0.190817	0.847504	20.0211	26.8459	0.624819	186.	0.699439	0.00686153
597268.	0.625451	0.192837	0.848199	19.5702	26.3513	0.625451	187.	0.698616
0.00671467	599240.	0.626081	0.194852	0.84891	19.1314	25.8692	0.626081	188.
0.69781	0.00657164	601170.	0.626711	0.196862	0.849637	18.7044	25.3994	0.626711
189.	0.69702	0.00643232	603059.	0.627339	0.198866	0.850378	18.2888	24.9415
0.627339	190.	0.696247	0.00629663	604908.	0.627966	0.200864	0.851133	17.8844
24.4952	0.627966	191.	0.695489	0.00616447	606717.	0.628591	0.202854	0.8519
17.4908	24.0602	0.628591	192.	0.694746	0.00603575	608490.	0.629214	0.204836
0.852678	17.1078	23.6362	0.629214	193.	0.694018	0.00591039	610225.	0.629836
0.206809	0.853467	16.735	23.2229	0.629836	194.	0.693305	0.00578828	611924.
0.630454	0.208773	0.854266	16.3722	22.8201	0.630454	195.	0.692606	0.00566934
613588.	0.631071	0.210728	0.855074	16.0191	22.4275	0.631071	196.	0.69192
0.0055535	615218.	0.631685	0.212673	0.855891	15.6754	22.0447	0.631685	197.
0.691247	0.00544066	616815.	0.632296	0.214607	0.856714	15.341	21.6716	0.632296
198.	0.690588	0.00533074	618380.	0.632904	0.21653	0.857545	15.0154	21.3078
0.632904	199.	0.689941	0.00522366	619913.	0.63351	0.218442	0.858381	14.6985
20.9532	0.63351	200.	0.689307	0.00511935	621415.	0.634112	0.220342	0.859223
14.39	20.6074	0.634112	201.	0.688684	0.00501772	622888.	0.634711	0.222231
0.86007	14.0896	20.2702	0.634711	202.	0.688074	0.00491871	624331.	0.635307
0.224108	0.860922	13.7972	19.9415	0.635307	203.	0.687474	0.00482225	625746.
0.635899	0.225972	0.861777	13.5126	19.6208	0.635899	204.	0.686886	0.00472825
627133.	0.636488	0.227823	0.862635	13.2354	19.3081	0.636488	205.	0.686309
0.00463665	628493.	0.637073	0.229661	0.863496	12.9655	19.0031	0.637073	206.
0.685742	0.00454739	629827.	0.637655	0.231486	0.864359	12.7027	18.7056	0.637655
207.	0.685186	0.0044604	631136.	0.638233	0.233299	0.865224	12.4467	18.4153
0.638233	208.	0.684639	0.00437561	632419.	0.638807	0.235097	0.866091	12.1974
18.1322	0.638807	209.	0.684103	0.00429297	633678.	0.639378	0.236882	0.866958
11.9546	17.8559	0.639378	210.	0.683576	0.00421241	634914.	0.639944	0.238654
0.867826	11.718	17.5863	0.639944	211.	0.683058	0.00413387	636126.	0.640507
0.240411	0.868694	11.4876	17.3233	0.640507	212.	0.68255	0.0040573	637316.
0.641065	0.242155	0.869563	11.2631	17.0665	0.641065	213.	0.68205	0.00398265
638483.	0.64162	0.243884	0.87043	11.0443	16.8159	0.64162	214.	0.681559
0.00390985	639630.	0.642171	0.2456	0.871297	10.8312	16.5713	0.642171	215.
0.681077	0.00383886	640755.	0.642717	0.247301	0.872163	10.6234	16.3324	0.642717
216.	0.680603	0.00376962	641861.	0.64326	0.248989	0.873028	10.421	16.0993
0.64326	217.	0.680137	0.00370209	642946.	0.643798	0.250662	0.873891	10.2236
15.8716	0.643798	218.	0.679678	0.00363621	644012.	0.644332	0.252321	0.874752
10.0313	15.6492	0.644332	219.	0.679228	0.00357195	645059.	0.644862	0.253966
0.875611	9.84372	15.4321	0.644862	220.	0.678785	0.00350925	646087.	0.645388
0.255596	0.876468	9.66088	15.22	0.645388	221.	0.678349	0.00344808	647098.
0.64591	0.257213	0.877322	9.48258	15.0128	0.64591	222.	0.67792	0.00338838
648091.	0.646428	0.258815	0.878174	9.30872	14.8104	0.646428	223.	0.677499
0.00333012	649067.	0.646941	0.260403	0.879022	9.13915	14.6126	0.646941	224.
0.677084	0.00327326	650026.	0.647451	0.261977	0.879868	8.97375	14.4193	0.647451
225.	0.676676	0.00321776	650969.	0.647956	0.263537	0.88071	8.81241	14.2304
0.647956	226.	0.676274	0.00316358	651896.	0.648457	0.265083	0.881549	8.65501
14.0458	0.648457	227.	0.675879	0.00311068	652807.	0.648954	0.266614	0.882385
8.50144	13.8653	0.648954	228.	0.67549	0.00305903	653703.	0.649446	0.268132
0.883216	8.35159	13.6889	0.649446	229.	0.675107	0.0030086	654584.	0.649935
0.269636	0.884044	8.20535	13.5163	0.649935	230.	0.67473	0.00295935	655451.
0.650419	0.271126	0.884868	8.06263	13.3477	0.650419	231.	0.674359	0.00291124
656304.	0.6509	0.272603	0.885688	7.92331	13.1827	0.6509	232.	0.673993
0.00286425	657143.	0.651376	0.274066	0.886504	7.78732	13.0213	0.651376	233.
0.673633	0.00281835	657968.	0.651848	0.275515	0.887315	7.65455	12.8635	0.651848
234.	0.673279	0.00277351	658781.	0.652316	0.27695	0.888122	7.52491	12.7091
0.652316	235.	0.672929	0.00272969	659580.	0.65278	0.278373	0.888925	7.39831
12.558	0.65278	236.	0.672585	0.00268687	660367.	0.65324	0.279782	0.889723
7.27468	12.4102	0.65324	237.	0.672246	0.00264502	661141.	0.653696	0.281177
0.890517	7.15393	12.2655	0.653696	238.	0.671912	0.00260412	661904.	0.654148
0.28256	0.891306	7.03598	12.1239	0.654148	239.	0.671583	0.00256414	662654.
0.654596	0.283929	0.89209	6.92075	11.9853	0.654596	240.	0.671259	0.00252506
663394.	0.655041	0.285286	0.892869	6.80817	11.8496	0.655041	241.	0.670939
0.00248684	664122.	0.655481	0.28663	0.893644	6.69816	11.7168	0.655481	242.
0.670624	0.00244948	664839.	0.655917	0.287961	0.894414	6.59066	11.5867	0.655917
243.	0.670313	0.00241294	665545.	0.65635	0.289279	0.895179	6.48559	11.4593
0.65635	244.	0.670006	0.00237721	666241.	0.656778	0.290585	0.895939	6.3829
11.3345	0.656778	245.	0.669704	0.00234226	666926.	0.657203	0.291878	0.896694
6.28251	11.2122	0.657203	246.	0.669406	0.00230807	667602.	0.657624	0.293159
0.897443	6.18436	11.0925	0.657624	247.	0.669112	0.00227462	668267.	0.658042
0.294428	0.898188	6.0884	10.9752	0.658042	248.	0.668823	0.00224189	668923.
0.658455	0.295684	0.898928	5.99456	10.8602	0.658455	249.	0.668537	0.00220987
669570.	0.658865	0.296929	0.899663	5.90279	10.7476	0.658865	250.	0.668254
0.00217854	670207.	0.659271	0.298162	0.900393	5.81303	10.6371	0.659271	251.
0.667976	0.00214787	670836.	0.659674	0.299383	0.901117	5.72523	10.5289	0.659674
252.	0.667701	0.00211785	671455.	0.660073	0.300592	0.901837	5.63934	10.4228
0.660073	253.	0.66743	0.00208846	672066.	0.660468	0.30179	0.902551	5.5553
10.3188	0.660468	254.	0.667163	0.00205969	672669.	0.66086	0.302976	0.90326
5.47308	10.2168	0.66086	255.	0.666899	0.00203153	673263.	0.661249	0.304151
0.903964	5.39262	10.1167	0.661249	256.	0.666638	0.00200395	673849.	0.661634
0.305315	0.904663	5.31387	10.0186	0.661634	257.	0.666381	0.00197694	674428.
0.662015	0.306468	0.905357	5.23679	9.92239	0.662015	258.	0.666127	0.00195048
674998.	0.662393	0.30761	0.906045	5.16134	9.82799	0.662393	259.	0.665876
0.00192457	675561.	0.662768	0.30874	0.906729	5.08748	9.73537	0.662768	260.
0.665628	0.00189919	676116.	0.663139	0.30986	0.907407	5.01516	9.6445	0.663139
261.	0.665383	0.00187432	676665.	0.663507	0.31097	0.908081	4.94435	9.55532
0.663507	262.	0.665142	0.00184996	677205.	0.663871	0.312068	0.908749	4.875
9.4678	0.663871	263.	0.664903	0.00182609	677739.	0.664233	0.313157	0.909412
4.80708	9.3819	0.664233	264.	0.664667	0.00180269	678267.	0.664591	0.314235
0.91007	4.74056	9.29757	0.664591	265.	0.664434	0.00177977	678787.	0.664946
0.315302	0.910723	4.6754	9.21479	0.664946	266.	0.664204	0.00175729	679301.
0.665297	0.31636	0.911371	4.61155	9.13351	0.665297	267.	0.663977	0.00173526
679808.	0.665646	0.317408	0.912014	4.54901	9.05369	0.665646	268.	0.663752
0.00171367	680309.	0.665992	0.318445	0.912651	4.48771	8.97531	0.665992	269.
0.66353	0.00169249	680804.	0.666334	0.319473	0.913284	4.42765	8.89833	0.666334
270.	0.66331	0.00167173	681292.	0.666673	0.320491	0.913912	4.36879	8.82272
0.666673	271.	0.663093	0.00165137	681775.	0.667009	0.3215	0.914535	4.31109
8.74844	0.667009	272.	0.662879	0.0016314	682252.	0.667343	0.322499	0.915153
4.25453	8.67546	0.667343	273.	0.662667	0.00161182	682723.	0.667673	0.323489
0.915766	4.19908	8.60375	0.667673	274.	0.662457	0.00159261	683188.	0.668001
0.324469	0.916375	4.14472	8.53329	0.668001	275.	0.66225	0.00157376	683648.
0.668325	0.325441	0.916978	4.09141	8.46404	0.668325	276.	0.662045	0.00155527
684103.	0.668647	0.326403	0.917577	4.03914	8.39598	0.668647	277.	0.661842
0.00153713	684552.	0.668965	0.327356	0.91817	3.98787	8.32908	0.668965	278.
0.661642	0.00151933	684996.	0.669281	0.3283	0.918759	3.93759	8.26332	0.669281
279.	0.661443	0.00150186	685435.	0.669594	0.329236	0.919344	3.88827	8.19866
0.669594	280.	0.661247	0.00148472	685869.	0.669905	0.330163	0.919923	3.83988
8.13508	0.669905	281.	0.661053	0.00146789	686298.	0.670212	0.331081	0.920498
3.79241	8.07256	0.670212	282.	0.660861	0.00145138	686722.	0.670517	0.331991
0.921068	3.74584	8.01108	0.670517	283.	0.660671	0.00143516	687141.	0.67082
0.332892	0.921634	3.70013	7.9506	0.67082	284.	0.660483	0.00141924	687556.
0.671119	0.333785	0.922195	3.65528	7.89112	0.671119	285.	0.660297	0.00140361
687966.	0.671416	0.33467	0.922752	3.61126	7.8326	0.671416	286.	0.660113
0.00138826	688371.	0.671711	0.335547	0.923303	3.56805	7.77503	0.671711	287.
0.659931	0.00137318	688772.	0.672002	0.336416	0.923851	3.52563	7.71839	0.672002
288.	0.659751	0.00135838	689169.	0.672292	0.337276	0.924394	3.48399	7.66265
0.672292	289.	0.659572	0.00134384	689561.	0.672579	0.338129	0.924932	3.44311
7.6078	0.672579	290.	0.659395	0.00132955	689950.	0.672863	0.338974	0.925466
3.40297	7.55381	0.672863	291.	0.65922	0.00131552	690334.	0.673145	0.339812
0.925996	3.36355	7.50067	0.673145	292.	0.659047	0.00130174	690714.	0.673424
0.340642	0.926521	3.32484	7.44836	0.673424	293.	0.658876	0.00128819	691090.
0.673701	0.341464	0.927042	3.28682	7.39686	0.673701	294.	0.658706	0.00127488
691463.	0.673976	0.342279	0.927559	3.24948	7.34616	0.673976	295.	0.658538
0.0012618	691831.	0.674248	0.343087	0.928072	3.2128	7.29623	0.674248	296.
0.658371	0.00124895	692196.	0.674518	0.343887	0.92858	3.17676	7.24707	0.674518
297.	0.658207	0.00123632	692557.	0.674785	0.34468	0.929084	3.14135	7.19865
0.674785	298.	0.658043	0.0012239	692914.	0.67505	0.345466	0.929584	3.10657
7.15096	0.67505	299.	0.657882	0.00121169	693268.	0.675313	0.346246	0.93008
3.07238	7.10399	0.675313	300.	0.657721	0.00119969	693618.	0.675574	0.347018
0.930572	3.03879	7.05772	0.675574	301.	0.657563	0.00118789	693965.	0.675833
0.347783	0.931059	3.00577	7.01213	0.675833	302.	0.657405	0.00117629	694308.
0.676089	0.348542	0.931543	2.97332	6.96721	0.676089	303.	0.657249	0.00116488
694649.	0.676343	0.349293	0.932023	2.94142	6.92296	0.676343	304.	0.657095
0.00115367	694985.	0.676595	0.350039	0.932498	2.91006	6.87934	0.676595	305.
0.656942	0.00114263	695319.	0.676845	0.350777	0.93297	2.87923	6.83636	0.676845
306.	0.65679	0.00113178	695649.	0.677093	0.351509	0.933438	2.84892	6.794
0.677093	307.	0.65664	0.00112111	695976.	0.677339	0.352235	0.933902	2.81912
6.75224	0.677339	308.	0.656491	0.00111061	696301.	0.677583	0.352954	0.934362
2.78981	6.71108	0.677583	309.	0.656344	0.00110028	696622.	0.677824	0.353668
0.934818	2.76098	6.67049	0.677824	310.	0.656197	0.00109012	696940.	0.678064
0.354375	0.935271	2.73264	6.63048	0.678064	311.	0.656052	0.00108012	697255.
0.678302	0.355075	0.93572	2.70475	6.59103	0.678302	312.	0.655909	0.00107028
697568.	0.678537	0.35577	0.936165	2.67733	6.55213	0.678537	313.	0.655766
0.00106059	697877.	0.678771	0.356459	0.936606	2.65034	6.51377	0.678771	314.
0.655625	0.00105107	698184.	0.679003	0.357142	0.937044	2.6238	6.47593	0.679003
315.	0.655485	0.00104169	698488.	0.679233	0.357819	0.937478	2.59768	6.43861
0.679233	316.	0.655346	0.00103246	698789.	0.679461	0.35849	0.937909	2.57199
6.4018	0.679461	317.	0.655208	0.00102337	699088.	0.679687	0.359155	0.938336
2.5467	6.36548	0.679687	318.	0.655071	0.00101443	699384.	0.679911	0.359815
0.93876	2.52181	6.32965	0.679911	319.	0.654936	0.00100562	699677.	0.680133
0.360469	0.93918	2.49732	6.29431	0.680133	320.	0.654802	0.00099695	699968.
0.680354	0.361118	0.939596	2.47321	6.25943	0.680354	321.	0.654668	0.000988414
700256.	0.680573	0.361761	0.940009	2.44948	6.22501	0.680573	322.	0.654536
0.000980008	700542.	0.68079	0.362399	0.940419	2.42612	6.19104	0.68079	323.
0.654405	0.00097173	700826.	0.681005	0.363031	0.940826	2.40313	6.15751	0.681005
324.	0.654275	0.000963578	701107.	0.681219	0.363658	0.941229	2.38049	6.12443
0.681219	325.	0.654146	0.000955549	701386.	0.681431	0.36428	0.941628	2.3582
6.09176	0.681431	326.	0.654018	0.000947641	701662.	0.681641	0.364897	0.942025
2.33625	6.05952	0.681641	327.	0.653891	0.000939851	701936.	0.681849	0.365509
0.942418	2.31463	6.02769	0.681849	328.	0.653765	0.000932178	702208.	0.682056
0.366115	0.942808	2.29335	5.99626	0.682056	329.	0.65364	0.000924618	702478.
0.682261	0.366716	0.943195	2.27238	5.96523	0.682261	330.	0.653516	0.000917171
702745.	0.682465	0.367313	0.943578	2.25173	5.93459	0.682465	331.	0.653392
0.000909832	703011.	0.682667	0.367905	0.943959	2.23139	5.90433	0.682667	332.
0.65327	0.000902602	703274.	0.682867	0.368491	0.944336	2.21135	5.87444	0.682867
333.	0.653149	0.000895477	703535.	0.683066	0.369073	0.94471	2.19161	5.84493
0.683066	334.	0.653029	0.000888455	703794.	0.683263	0.36965	0.945081	2.17217
5.81577	0.683263	335.	0.652909	0.000881535	704052.	0.683458	0.370223	0.94545
2.15301	5.78698	0.683458	336.	0.65279	0.000874715	704307.	0.683652	0.370791
0.945815	2.13413	5.75853	0.683652	337.	0.652673	0.000867993	704560.	0.683845
0.371354	0.946177	2.11552	5.73042	0.683845	338.	0.652556	0.000861367	704811.
0.684036	0.371913	0.946536	2.09719	5.70265	0.684036	339.	0.65244	0.000854835
705060.	0.684226	0.372467	0.946892	2.07912	5.67521	0.684226	340.	0.652324
0.000848395	705308.	0.684414	0.373016	0.947246	2.06131	5.6481	0.684414	341.
0.65221	0.000842046	705553.	0.6846	0.373562	0.947596	2.04375	5.62131	0.6846
342.	0.652096	0.000835787	705797.	0.684785	0.374103	0.947944	2.02645	5.59483
0.684785	343.	0.651984	0.000829615	706039.	0.684969	0.374639	0.948289	2.00939
5.56866	0.684969	344.	0.651872	0.000823529	706279.	0.685152	0.375172	0.948631
1.99258	5.54279	0.685152	345.	0.65176	0.000817528	706517.	0.685333	0.3757
0.94897	1.976	5.51722	0.685333	346.	0.65165	0.000811609	706754.	0.685512
0.376224	0.949306	1.95965	5.49194	0.685512	347.	0.65154	0.000805772	706989.
0.68569	0.376744	0.94964	1.94353	5.46696	0.68569	348.	0.651431	0.000800015
707222.	0.685867	0.37726	0.949971	1.92764	5.44225	0.685867	349.	0.651323
0.000794336	707454.	0.686043	0.377771	0.9503	1.91196	5.41783	0.686043	350.
0.651216	0.000788735	707684.	0.686217	0.378279	0.950625	1.89651	5.39367	0.686217
351.	0.651109	0.000783209	707912.	0.68639	0.378783	0.950949	1.88126	5.36979
0.68639	352.	0.651003	0.000777758	708139.	0.686561	0.379283	0.951269	1.86622
5.34617	0.686561	353.	0.650898	0.00077238	708364.	0.686732	0.379779	0.951587
1.85139	5.32281	0.686732	354.	0.650793	0.000767073	708588.	0.686901	0.380271
0.951902	1.83676	5.29971	0.686901	355.	0.650689	0.000761838	708810.	0.687068
0.380759	0.952215	1.82232	5.27686	0.687068	356.	0.650586	0.000756672	709030.
0.687235	0.381244	0.952525	1.80808	5.25426	0.687235	357.	0.650483	0.000751574
709249.	0.6874	0.381725	0.952833	1.79403	5.2319	0.6874	358.	0.650381
0.000746543	709467.	0.687564	0.382202	0.953139	1.78017	5.20978	0.687564	359.
0.65028	0.000741578	709683.	0.687727	0.382676	0.953442	1.76649	5.1879	0.687727
360.	0.650179	0.000736678	709898.	0.687889	0.383145	0.953742	1.75299	5.16625
0.687889	361.	0.650079	0.000731841	710111.	0.688049	0.383612	0.95404	1.73967
5.14483	0.688049	362.	0.64998	0.000727067	710323.	0.688208	0.384075	0.954336
1.72652	5.12363	0.688208	363.	0.649881	0.000722355	710534.	0.688366	0.384534
0.954629	1.71355	5.10265	0.688366	364.	0.649783	0.000717703	710743.	0.688523
0.38499	0.95492	1.70074	5.08189	0.688523	365.	0.649685	0.000713111	710951.
0.688679	0.385443	0.955209	1.6881	5.06135	0.688679	366.	0.649588	0.000708577
711157.	0.688834	0.385892	0.955495	1.67562	5.04102	0.688834	367.	0.649491
0.0007041	711362.	0.688987	0.386337	0.955779	1.6633	5.02089	0.688987	368.
0.649396	0.000699681	711566.	0.68914	0.38678	0.956061	1.65114	5.00097	0.68914
369.	0.6493	0.000695316	711769.	0.689291	0.387219	0.956341	1.63914	4.98125
0.689291	370.	0.649206	0.000691007	711970.	0.689441	0.387655	0.956618	1.62728
4.96173	0.689441	371.	0.649111	0.000686751	712170.	0.689591	0.388088	0.956893
1.61558	4.9424	0.689591	372.	0.649018	0.000682548	712369.	0.689739	0.388517
0.957166	1.60402	4.92326	0.689739	373.	0.648925	0.000678398	712567.	0.689886
0.388943	0.957437	1.59261	4.90432	0.689886	374.	0.648832	0.000674298	712763.
0.690032	0.389367	0.957706	1.58134	4.88556	0.690032	375.	0.64874	0.000670249
712959.	0.690177	0.389787	0.957973	1.5702	4.86698	0.690177	376.	0.648649
0.00066625	713153.	0.690321	0.390204	0.958237	1.55921	4.84858	0.690321	377.
0.648558	0.000662299	713346.	0.690464	0.390618	0.9585	1.54835	4.83037	0.690464
378.	0.648467	0.000658396	713538.	0.690605	0.391029	0.95876	1.53763	4.81232
0.690605	379.	0.648378	0.000654541	713728.	0.690746	0.391437	0.959018	1.52703
4.79445	0.690746	380.	0.648288	0.000650732	713918.	0.690886	0.391842	0.959275
1.51657	4.77675	0.690886	381.	0.648199	0.000646969	714106.	0.691025	0.392244
0.959529	1.50623	4.75922	0.691025	382.	0.648111	0.000643251	714294.	0.691163
0.392644	0.959781	1.49601	4.74185	0.691163	383.	0.648023	0.000639577	714480.
0.6913	0.39304	0.960032	1.48592	4.72465	0.6913	384.	0.647935	0.000635947
714666.	0.691436	0.393434	0.96028	1.47595	4.7076	0.691436	385.	0.647848
0.00063236	714850.	0.691572	0.393825	0.960526	1.4661	4.69071	0.691572	386.
0.647762	0.000628815	715033.	0.691706	0.394213	0.960771	1.45636	4.67398	0.691706
387.	0.647676	0.000625312	715215.	0.691839	0.394598	0.961013	1.44674	4.6574
0.691839	388.	0.64759	0.000621849	715396.	0.691971	0.394981	0.961254	1.43723
4.64098	0.691971	389.	0.647505	0.000618427	715576.	0.692103	0.395361	0.961493
1.42784	4.6247	0.692103	390.	0.64742	0.000615045	715756.	0.692234	0.395738
0.96173	1.41855	4.60857	0.692234	391.	0.647336	0.000611702	715934.	0.692363
0.396113	0.961965	1.40937	4.59258	0.692363	392.	0.647252	0.000608398	716111.
0.692492	0.396485	0.962198	1.4003	4.57674	0.692492	393.	0.647169	0.000605131
716287.	0.69262	0.396854	0.96243	1.39133	4.56103	0.69262	394.	0.647086
0.000601902	716463.	0.692747	0.397221	0.96266	1.38247	4.54547	0.692747	395.
0.647003	0.000598709	716637.	0.692873	0.397586	0.962888	1.3737	4.53004	0.692873
396.	0.646921	0.000595553	716810.	0.692999	0.397948	0.963114	1.36504	4.51475
0.692999	397.	0.646839	0.000592433	716983.	0.693123	0.398307	0.963338	1.35648
4.49959	0.693123	398.	0.646758	0.000589347	717155.	0.693247	0.398664	0.963561
1.34801	4.48456	0.693247	399.	0.646677	0.000586297	717325.	0.69337	0.399018
0.963782	1.33963	4.46966	0.69337	400.	0.646596	0.00058328	717495.	0.693492
0.39937	0.964001	1.33135	4.45489	0.693492	401.	0.646516	0.000580297	717664.
0.693613	0.39972	0.964219	1.32317	4.44024	0.693613	402.	0.646437	0.000577348
717833.	0.693734	0.400067	0.964435	1.31507	4.42572	0.693734	403.	0.646357
0.00057443	718000.	0.693853	0.400412	0.964649	1.30707	4.41132	0.693853	404.
0.646278	0.000571546	718166.	0.693972	0.400755	0.964862	1.29915	4.39704	0.693972
405.	0.6462	0.000568692	718332.	0.69409	0.401095	0.965073	1.29132	4.38288
0.69409	406.	0.646121	0.00056587	718497.	0.694207	0.401433	0.965282	1.28357
4.36883	0.694207	407.	0.646044	0.000563079	718661.	0.694324	0.401769	0.96549
1.27591	4.35491	0.694324	408.	0.645966	0.000560318	718824.	0.69444	0.402103
0.965696	1.26834	4.34109	0.69444	409.	0.645889	0.000557587	718986.	0.694555
0.402434	0.965901	1.26084	4.32739	0.694555	410.	0.645812	0.000554886	719148.
0.694669	0.402763	0.966104	1.25343	4.3138	0.694669	411.	0.645736	0.000552213
719309.	0.694783	0.40309	0.966306	1.24609	4.30033	0.694783	412.	0.64566
0.000549569	719469.	0.694896	0.403415	0.966506	1.23883	4.28695	0.694896	413.
0.645584	0.000546954	719628.	0.695008	0.403737	0.966704	1.23166	4.27369	0.695008
414.	0.645509	0.000544366	719787.	0.695119	0.404058	0.966901	1.22455	4.26053
0.695119	415.	0.645434	0.000541806	719944.	0.69523	0.404376	0.967097	1.21753
4.24748	0.69523	416.	0.645359	0.000539273	720101.	0.69534	0.404693	0.967291
1.21057	4.23453	0.69534	417.	0.645285	0.000536766	720258.	0.695449	0.405007
0.967484	1.20369	4.22168	0.695449	418.	0.645211	0.000534286	720413.	0.695558
0.405319	0.967675	1.19688	4.20893	0.695558	419.	0.645137	0.000531831	720568.
0.695665	0.405629	0.967864	1.19014	4.19628	0.695665	420.	0.645064	0.000529402
720722.	0.695773	0.405938	0.968053	1.18348	4.18372	0.695773	421.	0.64499
0.000526999	720876.	0.695879	0.406244	0.968239	1.17688	4.17126	0.695879	422.
0.644918	0.00052462	721028.	0.695985	0.406548	0.968425	1.17035	4.1589	0.695985
423.	0.644845	0.000522266	721180.	0.69609	0.40685	0.968609	1.16388	4.14663
0.69609	424.	0.644773	0.000519936	721332.	0.696195	0.407151	0.968792	1.15748
4.13446	0.696195	425.	0.644701	0.00051763	721483.	0.696299	0.407449	0.968973
1.15115	4.12238	0.696299	426.	0.64463	0.000515347	721633.	0.696402	0.407746
0.969153	1.14488	4.11038	0.696402	427.	0.644559	0.000513088	721782.	0.696505
0.408041	0.969331	1.13868	4.09848	0.696505	428.	0.644488	0.000510851	721931.
0.696607	0.408333	0.969509	1.13253	4.08666	0.696607	429.	0.644417	0.000508637
722079.	0.696708	0.408625	0.969685	1.12645	4.07493	0.696708	430.	0.644347
0.000506445	722226.	0.696809	0.408914	0.969859	1.12043	4.06329	0.696809	431.
0.644277	0.000504276	722373.	0.696909	0.409201	0.970033	1.11447	4.05173	0.696909
432.	0.644207	0.000502127	722519.	0.697009	0.409487	0.970205	1.10857	4.04026
0.697009	433.	0.644138	0.000500001	722665.	0.697107	0.409771	0.970375	1.10272
4.02887	0.697107	434.	0.644068	0.000497895	722810.	0.697206	0.410053	0.970545
1.09694	4.01756	0.697206	435.	0.644	0.00049581	722954.	0.697303	0.410333
0.970713	1.09121	4.00633	0.697303	436.	0.643931	0.000493746	723098.	0.697401
0.410612	0.97088	1.08553	3.99518	0.697401	437.	0.643863	0.000491702	723241.
0.697497	0.410889	0.971046	1.07991	3.98411	0.697497	438.	0.643795	0.000489678
723384.	0.697593	0.411164	0.971211	1.07435	3.97312	0.697593	439.	0.643727
0.000487674	723526.	0.697689	0.411437	0.971374	1.06884	3.9622	0.697689	440.
0.643659	0.00048569	723667.	0.697783	0.411709	0.971536	1.06338	3.95136	0.697783
441.	0.643592	0.000483724	723808.	0.697878	0.411979	0.971697	1.05798	3.9406
0.697878	442.	0.643525	0.000481778	723948.	0.697971	0.412248	0.971857	1.05262
3.92991	0.697971	443.	0.643458	0.00047985	724088.	0.698065	0.412515	0.972015
1.04732	3.91929	0.698065	444.	0.643392	0.000477941	724227.	0.698157	0.41278
0.972173	1.04207	3.90875	0.698157	445.	0.643325	0.00047605	724365.	0.698249
0.413044	0.972329	1.03687	3.89828	0.698249	446.	0.643259	0.000474177	724503.
0.698341	0.413306	0.972484	1.03171	3.88788	0.698341	447.	0.643194	0.000472322
724641.	0.698432	0.413566	0.972638	1.02661	3.87755	0.698432	448.	0.643128
0.000470485	724778.	0.698522	0.413825	0.972791	1.02155	3.86729	0.698522	449.
0.643063	0.000468664	724914.	0.698612	0.414083	0.972943	1.01654	3.85709	0.698612
450.	0.642998	0.000466861	725050.	0.698701	0.414339	0.973093	1.01157	3.84697
0.698701	451.	0.642933	0.000465075	725186.	0.69879	0.414593	0.973243	1.00665
3.83691	0.69879	452.	0.642869	0.000463306	725320.	0.698879	0.414846	0.973391
1.00178	3.82692	0.698879	453.	0.642804	0.000461553	725455.	0.698967	0.415097
0.973539	0.996952	3.81699	0.698967	454.	0.64274	0.000459816	725589.	0.699054
0.415347	0.973685	0.992167	3.80713	0.699054	455.	0.642676	0.000458095	725722.
0.699141	0.415596	0.97383	0.987426	3.79733	0.699141	456.	0.642613	0.000456391
725855.	0.699227	0.415843	0.973974	0.982728	3.7876	0.699227	457.	0.642549
0.000454702	725987.	0.699313	0.416088	0.974117	0.978072	3.77792	0.699313	458.
0.642486	0.000453028	726119.	0.699398	0.416333	0.97426	0.973458	3.76831	0.699398
459.	0.642423	0.00045137	726250.	0.699483	0.416575	0.974401	0.968886	3.75876
0.699483	460.	0.64236	0.000449727	726381.	0.699568	0.416817	0.974541	0.964354
3.74927	0.699568	461.	0.642298	0.000448098	726512.	0.699652	0.417057	0.97468
0.959862	3.73984	0.699652	462.	0.642236	0.000446485	726642.	0.699735	0.417295
0.974818	0.955411	3.73047	0.699735	463.	0.642174	0.000444886	726771.	0.699818
0.417532	0.974955	0.950999	3.72116	0.699818	464.	0.642112	0.000443301	726900.
0.699901	0.417768	0.975091	0.946625	3.7119	0.699901	465.	0.64205	0.000441731
727029.	0.699983	0.418003	0.975226	0.94229	3.70271	0.699983	466.	0.641989
0.000440174	727157.	0.700064	0.418236	0.97536	0.937993	3.69357	0.700064	467.
0.641927	0.000438632	727284.	0.700145	0.418468	0.975493	0.933733	3.68448	0.700145
468.	0.641866	0.000437103	727412.	0.700226	0.418698	0.975625	0.92951	3.67545
0.700226	469.	0.641806	0.000435587	727538.	0.700306	0.418927	0.975756	0.925324
3.66648	0.700306	470.	0.641745	0.000434085	727665.	0.700386	0.419155	0.975886
0.921174	3.65756	0.700386	471.	0.641685	0.000432597	727791.	0.700466	0.419382
0.976016	0.917059	3.64869	0.700466	472.	0.641624	0.000431121	727916.	0.700544
0.419607	0.976144	0.91298	3.63987	0.700544	473.	0.641564	0.000429658	728041.
0.700623	0.419831	0.976272	0.908935	3.63111	0.700623	474.	0.641504	0.000428208
728166.	0.700701	0.420054	0.976398	0.904925	3.6224	0.700701	475.	0.641445
0.00042677	728290.	0.700779	0.420276	0.976524	0.900948	3.61374	0.700779	476.
0.641385	0.000425345	728414.	0.700856	0.420496	0.976649	0.897006	3.60513	0.700856
477.	0.641326	0.000423932	728537.	0.700933	0.420716	0.976772	0.893096	3.59657
0.700933	478.	0.641267	0.000422532	728660.	0.701009	0.420934	0.976895	0.889219
3.58807	0.701009	479.	0.641208	0.000421143	728783.	0.701085	0.42115	0.977018
0.885374	3.57961	0.701085	480.	0.64115	0.000419766	728905.	0.701161	0.421366
0.977139	0.881561	3.5712	0.701161	481.	0.641091	0.000418401	729026.	0.701236
0.42158	0.977259	0.87778	3.56283	0.701236	482.	0.641033	0.000417048	729148.
0.701311	0.421794	0.977379	0.87403	3.55452	0.701311	483.	0.640975	0.000415706
729269.	0.701385	0.422006	0.977497	0.870311	3.54625	0.701385	484.	0.640917
0.000414375	729389.	0.701459	0.422217	0.977615	0.866622	3.53803	0.701459	485.
0.640859	0.000413055	729509.	0.701533	0.422427	0.977732	0.862964	3.52985	0.701533
486.	0.640801	0.000411747	729629.	0.701606	0.422635	0.977848	0.859335	3.52172
0.701606	487.	0.640744	0.000410449	729749.	0.701679	0.422843	0.977964	0.855735
3.51364	0.701679	488.	0.640687	0.000409162	729868.	0.701751	0.423049	0.978078
0.852165	3.5056	0.701751	489.	0.640629	0.000407886	729986.	0.701823	0.423255
0.978192	0.848623	3.4976	0.701823	490.	0.640573	0.000406621	730105.	0.701895
0.423459	0.978305	0.84511	3.48965	0.701895	491.	0.640516	0.000405366	730223.
0.701966	0.423662	0.978417	0.841625	3.48174	0.701966	492.	0.640459	0.000404121
730340.	0.702037	0.423864	0.978528	0.838168	3.47388	0.702037	493.	0.640403
0.000402887	730458.	0.702108	0.424066	0.978639	0.834738	3.46606	0.702108	494.
0.640347	0.000401662	730574.	0.702178	0.424266	0.978749	0.831335	3.45828	0.702178
495.	0.64029	0.000400448	730691.	0.702248	0.424464	0.978858	0.827959	3.45054
0.702248	496.	0.640235	0.000399243	730807.	0.702317	0.424662	0.978966	0.824609
3.44284	0.702317	497.	0.640179	0.000398048	730923.	0.702387	0.424859	0.979074
0.821286	3.43519	0.702387	498.	0.640123	0.000396863	731038.	0.702455	0.425055
0.97918	0.817989	3.42757	0.702455	499.	0.640068	0.000395687	731153.	0.702524
0.42525	0.979286	0.814717	3.41999	0.702524	500.	0.640013	0.000394521	731268.
0.702592	0.425444	0.979392	0.81147	3.41246	0.702592	501.	0.639957	0.000393364
731383.	0.70266	0.425637	0.979496	0.808249	3.40496	0.70266	502.	0.639902
0.000392217	731497.	0.702727	0.425829	0.9796	0.805052	3.3975	0.702727	503.
0.639848	0.000391078	731611.	0.702794	0.426019	0.979703	0.80188	3.39008	0.702794
504.	0.639793	0.000389949	731724.	0.702861	0.426209	0.979805	0.798732	3.3827
0.702861	505.	0.639738	0.000388828	731837.	0.702927	0.426398	0.979907	0.795608
3.37536	0.702927	506.	0.639684	0.000387717	731950.	0.702993	0.426586	0.980008
0.792508	3.36805	0.702993	507.	0.63963	0.000386614	732062.	0.703059	0.426773
0.980108	0.789431	3.36078	0.703059	508.	0.639576	0.000385519	732175.	0.703124
0.426959	0.980208	0.786378	3.35355	0.703124	509.	0.639522	0.000384433	732286.
0.70319	0.427145	0.980307	0.783347	3.34636	0.70319	510.	0.639468	0.000383356
732398.	0.703254	0.427329	0.980405	0.780339	3.3392	0.703254	511.	0.639415
0.000382287	732509.	0.703319	0.427512	0.980502	0.777353	3.33207	0.703319	512.
0.639361	0.000381226	732620.	0.703383	0.427694	0.980599	0.774389	3.32499	0.703383
513.	0.639308	0.000380174	732731.	0.703447	0.427876	0.980695	0.771448	3.31793
0.703447	514.	0.639255	0.000379129	732841.	0.70351	0.428056	0.980791	0.768528
3.31091	0.70351	515.	0.639201	0.000378093	732951.	0.703573	0.428236	0.980886
0.76563	3.30393	0.703573	516.	0.639149	0.000377064	733061.	0.703636	0.428415
0.98098	0.762752	3.29698	0.703636	517.	0.639096	0.000376044	733170.	0.703699
0.428593	0.981073	0.759896	3.29006	0.703699	518.	0.639043	0.000375031	733279.
0.703761	0.42877	0.981166	0.757061	3.28318	0.703761	519.	0.638991	0.000374026
733388.	0.703823	0.428946	0.981258	0.754246	3.27633	0.703823	520.	0.638938
0.000373028	733496.	0.703885	0.429121	0.98135	0.751451	3.26951	0.703885	521.
0.638886	0.000372038	733605.	0.703946	0.429296	0.981441	0.748677	3.26273	0.703946
522.	0.638834	0.000371055	733713.	0.704007	0.429469	0.981531	0.745922	3.25597
0.704007	523.	0.638782	0.00037008	733820.	0.704068	0.429642	0.981621	0.743188
3.24925	0.704068	524.	0.63873	0.000369112	733928.	0.704129	0.429814	0.98171
0.740472	3.24257	0.704129	525.	0.638678	0.000368151	734035.	0.704189	0.429985
0.981799	0.737776	3.23591	0.704189	526.	0.638627	0.000367197	734142.	0.704249
0.430155	0.981887	0.735099	3.22928	0.704249	527.	0.638575	0.000366251	734248.
0.704309	0.430325	0.981974	0.732441	3.22269	0.704309	528.	0.638524	0.000365311
734354.	0.704368	0.430494	0.982061	0.729802	3.21612	0.704368	529.	0.638473
0.000364378	734460.	0.704427	0.430661	0.982147	0.727181	3.20959	0.704427	530.
0.638422	0.000363452	734566.	0.704486	0.430829	0.982232	0.724578	3.20308	0.704486
531.	0.638371	0.000362533	734672.	0.704545	0.430995	0.982317	0.721994	3.19661
0.704545	532.	0.63832	0.000361621	734777.	0.704603	0.43116	0.982402	0.719427
3.19016	0.704603	533.	0.638269	0.000360715	734882.	0.704661	0.431325	0.982486
0.716878	3.18375	0.704661	534.	0.638219	0.000359815	734986.	0.704719	0.431489
0.982569	0.714347	3.17736	0.704719	535.	0.638168	0.000358923	735091.	0.704776
0.431652	0.982651	0.711833	3.171	0.704776	536.	0.638118	0.000358036	735195.
0.704833	0.431815	0.982734	0.709336	3.16467	0.704833	537.	0.638068	0.000357156
735299.	0.70489	0.431976	0.982815	0.706857	3.15837	0.70489	538.	0.638018
0.000356283	735402.	0.704947	0.432137	0.982896	0.704394	3.15209	0.704947	539.
0.637968	0.000355415	735506.	0.705004	0.432297	0.982977	0.701947	3.14585	0.705004
540.	0.637918	0.000354554	735609.	0.70506	0.432457	0.983057	0.699518	3.13963
0.70506	541.	0.637868	0.000353699	735712.	0.705116	0.432616	0.983136	0.697104
3.13344	0.705116	542.	0.637819	0.00035285	735814.	0.705171	0.432774	0.983215
0.694707	3.12727	0.705171	543.	0.637769	0.000352006	735917.	0.705227	0.432931
0.983293	0.692326	3.12113	0.705227	544.	0.63772	0.000351169	736019.	0.705282
0.433087	0.983371	0.689961	3.11502	0.705282	545.	0.63767	0.000350338	736121.
0.705337	0.433243	0.983448	0.687611	3.10894	0.705337	546.	0.637621	0.000349512
736223.	0.705392	0.433398	0.983525	0.685277	3.10288	0.705392	547.	0.637572
0.000348693	736324.	0.705446	0.433553	0.983601	0.682959	3.09685	0.705446	548.
0.637523	0.000347879	736425.	0.705501	0.433707	0.983677	0.680655	3.09084	0.705501
549.	0.637474	0.00034707	736526.	0.705555	0.43386	0.983752	0.678367	3.08486
0.705555	550.	0.637426	0.000346267	736627.	0.705608	0.434012	0.983827	0.676093
3.0789	0.705608	551.	0.637377	0.00034547	736727.	0.705662	0.434164	0.983901
0.673835	3.07297	0.705662	552.	0.637329	0.000344678	736828.	0.705715	0.434315
0.983975	0.671591	3.06706	0.705715	553.	0.63728	0.000343892	736928.	0.705768
0.434465	0.984048	0.669361	3.06118	0.705768	554.	0.637232	0.000343111	737027.
0.705821	0.434615	0.984121	0.667146	3.05532	0.705821	555.	0.637184	0.000342335
737127.	0.705874	0.434764	0.984193	0.664945	3.04949	0.705874	556.	0.637136
0.000341565	737226.	0.705926	0.434912	0.984265	0.662758	3.04368	0.705926	557.
0.637088	0.0003408	737325.	0.705978	0.43506	0.984336	0.660586	3.03789	0.705978
558.	0.63704	0.000340039	737424.	0.70603	0.435207	0.984407	0.658427	3.03213
0.70603	559.	0.636992	0.000339285	737523.	0.706082	0.435353	0.984477	0.656281
3.02639	0.706082	560.	0.636944	0.000338535	737621.	0.706133	0.435499	0.984547
0.654149	3.02068	0.706133	561.	0.636897	0.00033779	737720.	0.706184	0.435644
0.984616	0.652031	3.01498	0.706184	562.	0.636849	0.00033705	737818.	0.706235
0.435789	0.984685	0.649926	3.00931	0.706235	563.	0.636802	0.000336315	737915.
0.706286	0.435933	0.984754	0.647834	3.00367	0.706286	564.	0.636755	0.000335585
738013.	0.706337	0.436076	0.984822	0.645755	2.99804	0.706337	565.	0.636708
0.00033486	738110.	0.706387	0.436219	0.98489	0.643689	2.99244	0.706387	566.
0.636661	0.000334139	738208.	0.706438	0.436361	0.984957	0.641635	2.98686	0.706438
567.	0.636614	0.000333423	738305.	0.706487	0.436503	0.985023	0.639595	2.9813
0.706487	568.	0.636567	0.000332712	738401.	0.706537	0.436643	0.98509	0.637567
2.97577	0.706537	569.	0.63652	0.000332006	738498.	0.706587	0.436784	0.985155
0.635551	2.97025	0.706587	570.	0.636473	0.000331304	738594.	0.706636	0.436923
0.985221	0.633548	2.96476	0.706636	571.	0.636427	0.000330607	738690.	0.706685
0.437063	0.985286	0.631556	2.95929	0.706685	572.	0.63638	0.000329914	738786.
0.706734	0.437201	0.98535	0.629577	2.95384	0.706734	573.	0.636334	0.000329226
738882.	0.706783	0.437339	0.985415	0.62761	2.94841	0.706783	574.	0.636287
0.000328542	738978.	0.706832	0.437477	0.985478	0.625655	2.943	0.706832	575.
0.636241	0.000327863	739073.	0.70688	0.437613	0.985541	0.623712	2.93761	0.70688
576.	0.636195	0.000327188	739168.	0.706928	0.43775	0.985604	0.62178	2.93224
0.706928	577.	0.636149	0.000326517	739263.	0.706976	0.437885	0.985667	0.619859
2.92689	0.706976	578.	0.636103	0.000325851	739358.	0.707024	0.43802	0.985729
0.617951	2.92157	0.707024	579.	0.636057	0.000325188	739452.	0.707071	0.438155
0.98579	0.616053	2.91626	0.707071	580.	0.636012	0.00032453	739547.	0.707119
0.438289	0.985852	0.614167	2.91097	0.707119	581.	0.635966	0.000323877	739641.
0.707166	0.438423	0.985913	0.612291	2.9057	0.707166	582.	0.63592	0.000323227
739735.	0.707213	0.438556	0.985973	0.610427	2.90046	0.707213	583.	0.635875
0.000322581	739829.	0.70726	0.438688	0.986033	0.608574	2.89523	0.70726	584.
0.63583	0.000321939	739922.	0.707307	0.43882	0.986093	0.606731	2.89002	0.707307
585.	0.635784	0.000321302	740016.	0.707353	0.438951	0.986152	0.6049	2.88483
0.707353	586.	0.635739	0.000320668	740109.	0.707399	0.439082	0.986211	0.603078
2.87966	0.707399	587.	0.635694	0.000320038	740202.	0.707445	0.439212	0.986269
0.601268	2.8745	0.707445	588.	0.635649	0.000319413	740295.	0.707491	0.439342
0.986327	0.599468	2.86937	0.707491	589.	0.635604	0.000318791	740388.	0.707537
0.439471	0.986385	0.597678	2.86425	0.707537	590.	0.635559	0.000318173	740480.
0.707583	0.4396	0.986443	0.595898	2.85916	0.707583	591.	0.635514	0.000317558
740573.	0.707628	0.439729	0.9865	0.594129	2.85408	0.707628	592.	0.635469
0.000316948	740665.	0.707673	0.439856	0.986556	0.592369	2.84902	0.707673	593.
0.635425	0.000316341	740757.	0.707718	0.439984	0.986612	0.59062	2.84398	0.707718
594.	0.63538	0.000315738	740849.	0.707763	0.44011	0.986668	0.58888	2.83895
0.707763	595.	0.635336	0.000315138	740940.	0.707808	0.440237	0.986724	0.587151
2.83395	0.707808	596.	0.635291	0.000314542	741032.	0.707852	0.440362	0.986779
0.585431	2.82896	0.707852	597.	0.635247	0.00031395	741123.	0.707897	0.440488
0.986834	0.58372	2.82398	0.707897	598.	0.635203	0.000313361	741214.	0.707941
0.440612	0.986888	0.582019	2.81903	0.707941	599.	0.635159	0.000312776	741305.
0.707985	0.440737	0.986942	0.580328	2.81409	0.707985	600.	0.635115	0.000312194
741396.	0.708029	0.440861	0.986996	0.578646	2.80917	0.708029	601.	0.635071
0.000311616	741486.	0.708072	0.440984	0.98705	0.576973	2.80427	0.708072	602.
0.635027	0.000311041	741577.	0.708116	0.441107	0.987103	0.57531	2.79939	0.708116
603.	0.634983	0.00031047	741667.	0.708159	0.441229	0.987155	0.573655	2.79452
0.708159	604.	0.634939	0.000309902	741757.	0.708202	0.441351	0.987208	0.57201
2.78966	0.708202	605.	0.634896	0.000309337	741847.	0.708245	0.441473	0.98726
0.570374	2.78483	0.708245	606.	0.634852	0.000308776	741937.	0.708288	0.441594
0.987312	0.568746	2.78001	0.708288	607.	0.634808	0.000308218	742027.	0.708331
0.441714	0.987363	0.567127	2.7752	0.708331	608.	0.634765	0.000307663	742116.
0.708373	0.441835	0.987414	0.565517	2.77042	0.708373	609.	0.634722	0.000307111
742205.	0.708416	0.441954	0.987465	0.563916	2.76565	0.708416	610.	0.634678
0.000306563	742295.	0.708458	0.442073	0.987515	0.562324	2.76089	0.708458	611.
0.634635	0.000306018	742384.	0.7085	0.442192	0.987565	0.56074	2.75615	0.7085
612.	0.634592	0.000305476	742472.	0.708542	0.442311	0.987615	0.559164	2.75143
0.708542	613.	0.634549	0.000304937	742561.	0.708584	0.442429	0.987665	0.557597
2.74672	0.708584	614.	0.634506	0.000304401	742650.	0.708626	0.442546	0.987714
0.556038	2.74203	0.708626	615.	0.634463	0.000303868	742738.	0.708667	0.442663
0.987763	0.554487	2.73735	0.708667	616.	0.63442	0.000303339	742826.	0.708708
0.44278	0.987811	0.552944	2.73269	0.708708	617.	0.634377	0.000302812	742914.
0.70875	0.442896	0.987859	0.55141	2.72804	0.70875	618.	0.634335	0.000302288
743002.	0.708791	0.443012	0.987907	0.549883	2.72341	0.708791	619.	0.634292
0.000301767	743090.	0.708832	0.443127	0.987955	0.548365	2.7188	0.708832	620.
0.63425	0.00030125	743177.	0.708872	0.443242	0.988002	0.546854	2.7142	0.708872
621.	0.634207	0.000300735	743265.	0.708913	0.443357	0.988049	0.545352	2.70961
0.708913	622.	0.634165	0.000300223	743352.	0.708953	0.443471	0.988096	0.543857
2.70504	0.708953	623.	0.634122	0.000299714	743439.	0.708994	0.443585	0.988142
0.54237	2.70048	0.708994	624.	0.63408	0.000299207	743526.	0.709034	0.443698
0.988188	0.54089	2.69594	0.709034	625.	0.634038	0.000298704	743613.	0.709074
0.443811	0.988234	0.539418	2.69141	0.709074	626.	0.633996	0.000298203	743700.
0.709114	0.443924	0.98828	0.537953	2.6869	0.709114	627.	0.633954	0.000297705
743786.	0.709154	0.444036	0.988325	0.536496	2.6824	0.709154	628.	0.633912
0.00029721	743873.	0.709193	0.444148	0.98837	0.535047	2.67791	0.709193	629.
0.63387	0.000296718	743959.	0.709233	0.444259	0.988415	0.533604	2.67344	0.709233
630.	0.633828	0.000296228	744045.	0.709272	0.44437	0.988459	0.532169	2.66898
0.709272	631.	0.633786	0.000295741	744131.	0.709311	0.44448	0.988503	0.530742
2.66454	0.709311	632.	0.633744	0.000295257	744217.	0.70935	0.444591	0.988547
0.529321	2.66011	0.70935	633.	0.633703	0.000294775	744303.	0.709389	0.444701
0.988591	0.527907	2.65569	0.709389	634.	0.633661	0.000294296	744388.	0.709428
0.44481	0.988634	0.526501	2.65129	0.709428	635.	0.63362	0.000293819	744474.
0.709467	0.444919	0.988677	0.525101	2.6469	0.709467	636.	0.633578	0.000293345
744559.	0.709505	0.445028	0.98872	0.523709	2.64252	0.709505	637.	0.633537
0.000292874	744644.	0.709544	0.445136	0.988762	0.522323	2.63816	0.709544	638.
0.633495	0.000292405	744729.	0.709582	0.445244	0.988805	0.520944	2.63381	0.709582
639.	0.633454	0.000291938	744814.	0.70962	0.445352	0.988847	0.519572	2.62948
0.70962	640.	0.633413	0.000291474	744899.	0.709658	0.445459	0.988888	0.518206
2.62515	0.709658	641.	0.633372	0.000291013	744983.	0.709696	0.445566	0.98893
0.516848	2.62084	0.709696	642.	0.633331	0.000290554	745068.	0.709734	0.445672
0.988971	0.515495	2.61655	0.709734	643.	0.63329	0.000290097	745152.	0.709772
0.445779	0.989012	0.51415	2.61226	0.709772	644.	0.633249	0.000289643	745236.
0.709809	0.445884	0.989053	0.512811	2.60799	0.709809	645.	0.633208	0.000289191
745321.	0.709847	0.44599	0.989093	0.511478	2.60373	0.709847	646.	0.633167
0.000288742	745404.	0.709884	0.446095	0.989133	0.510152	2.59949	0.709884	647.
0.633126	0.000288295	745488.	0.709921	0.4462	0.989173	0.508832	2.59525	0.709921
648.	0.633085	0.00028785	745572.	0.709958	0.446304	0.989213	0.507518	2.59103
0.709958	649.	0.633045	0.000287408	745656.	0.709995	0.446408	0.989252	0.506211
2.58682	0.709995	650.	0.633004	0.000286968	745739.	0.710032	0.446512	0.989292
0.50491	2.58263	0.710032	651.	0.632964	0.00028653	745822.	0.710069	0.446615
0.989331	0.503615	2.57844	0.710069	652.	0.632923	0.000286094	745905.	0.710105
0.446719	0.989369	0.502326	2.57427	0.710105	653.	0.632883	0.000285661	745989.
0.710142	0.446821	0.989408	0.501043	2.57011	0.710142	654.	0.632843	0.00028523
746071.	0.710178	0.446924	0.989446	0.499766	2.56596	0.710178	655.	0.632802
0.000284801	746154.	0.710215	0.447026	0.989484	0.498496	2.56183	0.710215	656.
0.632762	0.000284374	746237.	0.710251	0.447128	0.989522	0.497231	2.5577	0.710251
657.	0.632722	0.000283949	746319.	0.710287	0.447229	0.989559	0.495972	2.55359
0.710287	658.	0.632682	0.000283527	746402.	0.710323	0.44733	0.989597	0.494718
2.54949	0.710323	659.	0.632642	0.000283107	746484.	0.710358	0.447431	0.989634
0.493471	2.5454	0.710358	660.	0.632602	0.000282689	746566.	0.710394	0.447531
0.989671	0.492229	2.54132	0.710394	661.	0.632562	0.000282272	746648.	0.71043
0.447632	0.989707	0.490993	2.53726	0.71043	662.	0.632522	0.000281858	746730.
0.710465	0.447731	0.989744	0.489763	2.5332	0.710465	663.	0.632482	0.000281446
746812.	0.710501	0.447831	0.98978	0.488539	2.52916	0.710501	664.	0.632442
0.000281037	746894.	0.710536	0.44793	0.989816	0.487319	2.52513	0.710536	665.
0.632403	0.000280629	746976.	0.710571	0.448029	0.989852	0.486106	2.52111	0.710571