t	Ns	Ni	Dead_pi_0.0062	A	LogRS	Rt	DiscHealthCost	DiscTotalCost
0.	0.999922	0.0000527181	50.9999	0.998255	1.12791	3.08895	0.182487	0.182675
0.998255	1.	0.999895	0.0000710293	68.8414	0.997656	1.12671	3.08516	0.245617
0.245955	0.997656	2.	0.999859	0.0000956431	92.8756	0.996854	1.1251	3.08009
0.330387	0.330995	0.996854	3.	0.99981	0.000128679	125.225	0.995783	1.12295
3.07332	0.444042	0.445135	0.995783	4.	0.999744	0.000172932	168.725	0.994358
1.12009	3.06433	0.596129	0.598086	0.994358	5.	0.999656	0.00023206	227.14
0.992469	1.11628	3.05244	0.799121	0.802608	0.992469	6.	0.999539	0.000310795
305.451	0.98998	1.11126	3.03679	1.06914	1.07531	0.98998	7.	0.999383
0.000415177	410.195	0.986723	1.10467	3.01637	1.42673	1.43759	0.986723	8.
0.999177	0.000552778	549.887	0.9825	1.09609	2.98999	1.89761	1.9165	0.9825
9.	0.998905	0.000732846	735.48	0.977088	1.08505	2.95633	2.51314	2.54561
0.977088	10.	0.998551	0.000966333	980.864	0.970251	1.071	2.91407	3.31039
3.36532	0.970251	11.	0.998093	0.00126567	1303.33	0.961766	1.05343	2.86202
4.33131	4.42246	0.961766	12.	0.997508	0.0016442	1723.94	0.951452	1.03187
2.79932	5.62086	5.76869	0.951452	13.	0.99677	0.00211525	2267.64	0.939212
1.00597	2.72573	7.22365	7.45711	0.939212	14.	0.995852	0.00269076	2963.1
0.925064	0.975617	2.6418	9.17949	9.53734	0.925064	15.	0.994731	0.00337983
3842.07	0.909165	0.940945	2.5489	11.5182	12.0493	0.909165	16.	0.993384
0.00418722	4938.35	0.891806	0.902388	2.44917	14.2549	15.0167	0.891806	17.
0.991796	0.00511241	6286.39	0.873378	0.860628	2.34525	17.3865	18.4424	0.873378
18.	0.989956	0.00614921	7919.63	0.854328	0.816522	2.23989	20.8908	22.3058
0.854328	19.	0.987861	0.00728619	9868.96	0.835104	0.771004	2.13569	24.7277
26.5641	0.835104	20.	0.985512	0.00850765	12161.3	0.816111	0.724992	2.0348
28.843	31.156	0.816111	21.	0.982918	0.009795	14818.5	0.797681	0.679308
1.93882	33.1729	36.0074	0.797681	22.	0.980091	0.0111282	17856.9	0.780064
0.634644	1.8488	37.6489	41.0381	0.780064	23.	0.977045	0.0124871	21286.8
0.763431	0.591538	1.76529	42.2023	46.167	0.763431	24.	0.973799	0.0138524
25112.9	0.747882	0.550381	1.68848	46.7678	51.3166	0.747882	25.	0.970369
0.0152065	29334.4	0.733459	0.511435	1.61827	51.2859	56.417	0.733459	26.
0.966774	0.0165338	33945.7	0.720165	0.474853	1.55436	55.7045	61.4067	0.720165
27.	0.963032	0.0178212	38937.1	0.707973	0.440703	1.49636	59.9795	66.2343
0.707973	28.	0.95916	0.0190579	44295.4	0.696834	0.408987	1.44382	64.075
70.858	0.696834	29.	0.955175	0.0202354	50004.6	0.686691	0.379661	1.39627
67.9629	75.2456	0.686691	30.	0.951093	0.0213471	56046.4	0.677479	0.352649
1.35325	71.6223	79.373	0.677479	31.	0.946926	0.0223886	62401.1	0.669131
0.327852	1.31432	75.0385	83.2239	0.669131	32.	0.94269	0.023357	69047.8
0.661582	0.305159	1.27908	78.2027	86.7884	0.661582	33.	0.938394	0.0242507
75965.	0.654767	0.28445	1.24715	81.1106	90.0621	0.654767	34.	0.934052
0.0250695	83130.9	0.648626	0.265606	1.21821	83.7619	93.0451	0.648626	35.
0.929672	0.0258141	90523.9	0.643104	0.248506	1.19194	86.1598	95.7412	0.643104
36.	0.925264	0.0264858	98122.6	0.638148	0.233033	1.16807	88.3097	98.1573
0.638148	37.	0.920835	0.0270867	105906.	0.63371	0.219076	1.14637	90.2194
100.302	0.63371	38.	0.916394	0.0276194	113854.	0.629747	0.206526	1.12662
91.8981	102.187	0.629747	39.	0.911947	0.0280869	121947.	0.626216	0.195284
1.10861	93.3561	103.823	0.626216	40.	0.9075	0.0284921	130167.	0.623083
0.185253	1.0922	94.6046	105.223	0.623083	41.	0.903057	0.0288385	138496.
0.620314	0.176344	1.07721	95.6551	106.402	0.620314	42.	0.898625	0.0291294
146918.	0.617878	0.168474	1.06352	96.5195	107.371	0.617878	43.	0.894207
0.0293683	155416.	0.615747	0.161565	1.05101	97.2098	108.145	0.615747	44.
0.889808	0.0295585	163977.	0.613897	0.155544	1.03956	97.7376	108.737	0.613897
45.	0.885429	0.0297035	172586.	0.612303	0.150346	1.02908	98.1147	109.16
0.612303	46.	0.881075	0.0298064	181232.	0.610945	0.145907	1.01948	98.3521
109.426	0.610945	47.	0.876748	0.0298704	189901.	0.609805	0.142169	1.01069
98.4609	109.549	0.609805	48.	0.87245	0.0298986	198584.	0.608864	0.13908
1.00263	98.4513	109.54	0.608864	49.	0.868184	0.0298938	207270.	0.608106
0.136589	0.995248	98.3332	109.409	0.608106	50.	0.86395	0.0298589	215950.
0.607517	0.13465	0.988477	98.116	109.167	0.607517	51.	0.859751	0.0297964
224616.	0.607083	0.133222	0.982269	97.8087	108.825	0.607083	52.	0.855588
0.0297087	233260.	0.606792	0.132263	0.976576	97.4196	108.391	0.606792	53.
0.851462	0.0295983	241875.	0.606633	0.131739	0.971357	96.9564	107.875	0.606633
54.	0.847374	0.0294672	250455.	0.606595	0.131614	0.966573	96.4266	107.284
0.606595	55.	0.843325	0.0293175	258995.	0.606669	0.131858	0.962188	95.8369
106.626	0.606669	56.	0.839315	0.0291511	267488.	0.606846	0.132441	0.958171
95.1937	105.908	0.606846	57.	0.835344	0.0289697	275931.	0.607118	0.133337
0.954494	94.5029	105.138	0.607118	58.	0.831414	0.028775	284319.	0.607477
0.13452	0.951128	93.77	104.32	0.607477	59.	0.827525	0.0285684	292649.
0.607917	0.135967	0.948049	92.9999	103.46	0.607917	60.	0.823676	0.0283514
300917.	0.608431	0.137658	0.945236	92.1974	102.565	0.608431	61.	0.819868
0.0281252	309121.	0.609013	0.139571	0.942668	91.3667	101.638	0.609013	62.
0.816101	0.027891	317258.	0.609658	0.141689	0.940326	90.5118	100.683	0.609658
63.	0.812375	0.02765	325326.	0.610361	0.143994	0.938193	89.6362	99.706
0.610361	64.	0.808689	0.0274031	333323.	0.611118	0.146471	0.936253	88.7433
98.7091	0.611118	65.	0.805044	0.0271512	341247.	0.611923	0.149104	0.934491
87.8361	97.6962	0.611923	66.	0.80144	0.0268952	349098.	0.612773	0.151881
0.932893	86.9173	96.6702	0.612773	67.	0.797876	0.0266358	356874.	0.613664
0.154788	0.931448	85.9894	95.6341	0.613664	68.	0.794351	0.0263737	364574.
0.614594	0.157814	0.930144	85.0547	94.5902	0.614594	69.	0.790867	0.0261096
372197.	0.615557	0.160948	0.928971	84.1154	93.541	0.615557	70.	0.787421
0.025844	379744.	0.616553	0.16418	0.927917	83.1731	92.4885	0.616553	71.
0.784015	0.0255775	387213.	0.617577	0.1675	0.926976	82.2298	91.4346	0.617577
72.	0.780647	0.0253105	394605.	0.618628	0.1709	0.926137	81.2868	90.381
0.618628	73.	0.777317	0.0250435	401920.	0.619703	0.174372	0.925394	80.3455
89.3293	0.619703	74.	0.774025	0.0247768	409156.	0.620799	0.177908	0.92474
79.4072	88.2808	0.620799	75.	0.770771	0.0245108	416316.	0.621916	0.181501
0.924166	78.473	87.2367	0.621916	76.	0.767553	0.0242458	423398.	0.62305
0.185146	0.923669	77.5439	86.1982	0.62305	77.	0.764372	0.0239821	430403.
0.624201	0.188836	0.923241	76.6207	85.1663	0.624201	78.	0.761227	0.02372
437332.	0.625366	0.192565	0.922878	75.7042	84.1417	0.625366	79.	0.758117
0.0234595	444185.	0.626544	0.196329	0.922574	74.7952	83.1254	0.626544	80.
0.755043	0.0232011	450963.	0.627734	0.200124	0.922325	73.8941	82.1179	0.627734
81.	0.752003	0.0229447	457666.	0.628934	0.203943	0.922128	73.0016	81.1198
0.628934	82.	0.748998	0.0226906	464295.	0.630143	0.207784	0.921977	72.118
80.1317	0.630143	83.	0.746026	0.0224389	470850.	0.63136	0.211644	0.921869
71.2438	79.154	0.63136	84.	0.743087	0.0221897	477333.	0.632584	0.215517
0.921802	70.3794	78.187	0.632584	85.	0.740181	0.0219432	483743.	0.633814
0.219402	0.921771	69.525	77.2312	0.633814	86.	0.737308	0.0216993	490083.
0.635049	0.223295	0.921775	68.6808	76.2867	0.635049	87.	0.734466	0.0214582
496352.	0.636288	0.227194	0.921809	67.847	75.3539	0.636288	88.	0.731656
0.02122	502551.	0.637531	0.231096	0.921873	67.0238	74.4328	0.637531	89.
0.728877	0.0209846	508681.	0.638776	0.234999	0.921962	66.2114	73.5236	0.638776
90.	0.726128	0.0207521	514744.	0.640023	0.238901	0.922076	65.4097	72.6265
0.640023	91.	0.72341	0.0205225	520739.	0.641272	0.2428	0.922212	64.6189
71.7414	0.641272	92.	0.720721	0.020296	526668.	0.642522	0.246693	0.922369
63.839	70.8685	0.642522	93.	0.718061	0.0200724	532532.	0.643772	0.250581
0.922544	63.07	70.0077	0.643772	94.	0.71543	0.0198518	538331.	0.645022
0.25446	0.922736	62.3119	69.159	0.645022	95.	0.712827	0.0196341	544067.
0.646271	0.25833	0.922944	61.5647	68.3225	0.646271	96.	0.710252	0.0194195
549739.	0.647519	0.262189	0.923166	60.8283	67.498	0.647519	97.	0.707705
0.0192078	555350.	0.648766	0.266036	0.923401	60.1027	66.6856	0.648766	98.
0.705185	0.0189991	560900.	0.650011	0.269871	0.923648	59.3878	65.8851	0.650011
99.	0.702691	0.0187934	566389.	0.651254	0.273692	0.923905	58.6835	65.0964
0.651254	100.	0.700224	0.0185905	571820.	0.652495	0.277498	0.924171	57.9897
64.3194	0.652495	101.	0.697782	0.0183906	577191.	0.653733	0.281289	0.924447
57.3063	63.5541	0.653733	102.	0.695366	0.0181935	582505.	0.654968	0.285063
0.92473	56.6333	62.8003	0.654968	103.	0.692975	0.0179993	587763.	0.656199
0.288821	0.92502	55.9704	62.0579	0.656199	104.	0.690609	0.0178079	592964.
0.657428	0.292561	0.925316	55.3176	61.3267	0.657428	105.	0.688267	0.0176193
598110.	0.658653	0.296284	0.925617	54.6748	60.6066	0.658653	106.	0.685949
0.0174335	603201.	0.659874	0.299988	0.925923	54.0418	59.8975	0.659874	107.
0.683655	0.0172503	608239.	0.661091	0.303674	0.926234	53.4185	59.1992	0.661091
108.	0.681384	0.0170699	613225.	0.662304	0.30734	0.926548	52.8047	58.5116
0.662304	109.	0.679136	0.0168921	618158.	0.663513	0.310987	0.926865	52.2003
57.8345	0.663513	110.	0.67691	0.0167169	623040.	0.664717	0.314614	0.927185
51.6052	57.1678	0.664717	111.	0.674707	0.0165443	627871.	0.665917	0.318222
0.927507	51.0192	56.5112	0.665917	112.	0.672526	0.0163742	632653.	0.667112
0.321809	0.927831	50.4422	55.8648	0.667112	113.	0.670366	0.0162066	637385.
0.668303	0.325375	0.928156	49.874	55.2281	0.668303	114.	0.668228	0.0160415
642069.	0.669489	0.328922	0.928482	49.3145	54.6013	0.669489	115.	0.666111
0.0158788	646706.	0.67067	0.332447	0.928809	48.7636	53.984	0.67067	116.
0.664014	0.0157185	651296.	0.671847	0.335952	0.929137	48.2211	53.3761	0.671847
117.	0.661938	0.0155606	655839.	0.673018	0.339436	0.929464	47.6868	52.7774
0.673018	118.	0.659882	0.0154049	660337.	0.674185	0.3429	0.929792	47.1607
52.1879	0.674185	119.	0.657845	0.0152516	664790.	0.675346	0.346342	0.930119
46.6426	51.6073	0.675346	120.	0.655829	0.0151004	669199.	0.676502	0.349764
0.930445	46.1323	51.0355	0.676502	121.	0.653831	0.0149515	673564.	0.677654
0.353165	0.930771	45.6297	50.4723	0.677654	122.	0.651852	0.0148047	677886.
0.6788	0.356544	0.931096	45.1347	49.9176	0.6788	123.	0.649892	0.01466
682166.	0.679941	0.359904	0.93142	44.6471	49.3712	0.679941	124.	0.647951
0.0145174	686404.	0.681077	0.363242	0.931743	44.1668	48.833	0.681077	125.
0.646028	0.0143768	690601.	0.682208	0.366559	0.932064	43.6937	48.3029	0.682208
126.	0.644122	0.0142383	694758.	0.683333	0.369856	0.932384	43.2277	47.7807
0.683333	127.	0.642235	0.0141018	698875.	0.684453	0.373133	0.932702	42.7686
47.2662	0.684453	128.	0.640364	0.0139672	702952.	0.685568	0.376388	0.933019
42.3163	46.7594	0.685568	129.	0.638511	0.0138345	706990.	0.686678	0.379624
0.933334	41.8706	46.26	0.686678	130.	0.636675	0.0137036	710990.	0.687783
0.382839	0.933647	41.4315	45.768	0.687783	131.	0.634856	0.0135747	714952.
0.688883	0.386034	0.933958	40.9989	45.2832	0.688883	132.	0.633053	0.0134475
718877.	0.689977	0.389208	0.934267	40.5725	44.8055	0.689977	133.	0.631266
0.0133221	722766.	0.691066	0.392363	0.934574	40.1523	44.3347	0.691066	134.
0.629495	0.0131984	726618.	0.692151	0.395499	0.934879	39.7383	43.8708	0.692151
135.	0.62774	0.0130765	730435.	0.69323	0.398614	0.935181	39.3302	43.4135
0.69323	136.	0.626001	0.0129563	734216.	0.694303	0.40171	0.935482	38.9279
42.9629	0.694303	137.	0.624277	0.0128377	737963.	0.695372	0.404786	0.93578
38.5315	42.5187	0.695372	138.	0.622569	0.0127207	741675.	0.696436	0.407843
0.936076	38.1407	42.0809	0.696436	139.	0.620875	0.0126053	745354.	0.697494
0.41088	0.93637	37.7555	41.6493	0.697494	140.	0.619196	0.0124915	749000.
0.698548	0.413899	0.936661	37.3757	41.2239	0.698548	141.	0.617532	0.0123793
752612.	0.699597	0.416899	0.93695	37.0012	40.8044	0.699597	142.	0.615882
0.0122685	756192.	0.70064	0.41988	0.937237	36.632	40.3908	0.70064	143.
0.614247	0.0121592	759741.	0.701679	0.422843	0.937522	36.268	39.9831	0.701679
144.	0.612625	0.0120514	763257.	0.702712	0.425787	0.937804	35.909	39.581
0.702712	145.	0.611018	0.0119451	766743.	0.703741	0.428713	0.938083	35.5551
39.1846	0.703741	146.	0.609424	0.0118401	770198.	0.704765	0.43162	0.93836
35.206	38.7936	0.704765	147.	0.607843	0.0117366	773623.	0.705784	0.43451
0.938635	34.8617	38.408	0.705784	148.	0.606276	0.0116343	777017.	0.706798
0.437382	0.938908	34.5222	38.0278	0.706798	149.	0.604722	0.0115335	780383.
0.707807	0.440236	0.939178	34.1872	37.6527	0.707807	150.	0.603181	0.0114339
783719.	0.708812	0.443072	0.939446	33.8569	37.2828	0.708812	151.	0.601653
0.0113356	787026.	0.709812	0.445892	0.939711	33.5309	36.9178	0.709812	152.
0.600138	0.0112386	790305.	0.710807	0.448694	0.939974	33.2094	36.5578	0.710807
153.	0.598635	0.0111429	793556.	0.711798	0.451479	0.940235	32.8922	36.2027
0.711798	154.	0.597144	0.0110484	796780.	0.712783	0.454246	0.940494	32.5793
35.8523	0.712783	155.	0.595666	0.010955	799976.	0.713764	0.456997	0.94075
32.2705	35.5066	0.713764	156.	0.5942	0.0108629	803145.	0.714741	0.459732
0.941003	31.9658	35.1655	0.714741	157.	0.592745	0.0107719	806288.	0.715713
0.462449	0.941255	31.6651	34.8289	0.715713	158.	0.591303	0.0106821	809404.
0.71668	0.465151	0.941504	31.3683	34.4968	0.71668	159.	0.589872	0.0105934
812494.	0.717643	0.467836	0.941751	31.0755	34.169	0.717643	160.	0.588452
0.0105058	815559.	0.718602	0.470506	0.941996	30.7864	33.8455	0.718602	161.
0.587044	0.0104193	818599.	0.719556	0.473159	0.942239	30.5011	33.5263	0.719556
162.	0.585647	0.0103338	821613.	0.720505	0.475797	0.942479	30.2195	33.2111
0.720505	163.	0.584261	0.0102494	824603.	0.72145	0.478418	0.942718	29.9415
32.9001	0.72145	164.	0.582886	0.0101661	827568.	0.722391	0.481025	0.942954
29.6671	32.5931	0.722391	165.	0.581522	0.0100837	830510.	0.723327	0.483616
0.943188	29.3962	32.29	0.723327	166.	0.580169	0.0100024	833427.	0.72426
0.486191	0.943419	29.1287	31.9908	0.72426	167.	0.578826	0.00992203	836322.
0.725188	0.488752	0.943649	28.8647	31.6954	0.725188	168.	0.577494	0.00984264
839193.	0.726111	0.491298	0.943877	28.6039	31.4037	0.726111	169.	0.576172
0.0097642	842041.	0.727031	0.493829	0.944102	28.3464	31.1157	0.727031	170.
0.57486	0.00968669	844866.	0.727946	0.496345	0.944326	28.0921	30.8314	0.727946
171.	0.573558	0.00961011	847669.	0.728857	0.498846	0.944547	27.841	30.5506
0.728857	172.	0.572266	0.00953443	850450.	0.729764	0.501334	0.944767	27.593
30.2733	0.729764	173.	0.570985	0.00945964	853209.	0.730667	0.503806	0.944984
27.3481	29.9994	0.730667	174.	0.569712	0.00938573	855946.	0.731566	0.506265
0.9452	27.1062	29.729	0.731566	175.	0.56845	0.00931268	858662.	0.73246
0.50871	0.945414	26.8673	29.4618	0.73246	176.	0.567197	0.00924049	861357.
0.733351	0.51114	0.945626	26.6312	29.198	0.733351	177.	0.565953	0.00916912
864031.	0.734238	0.513557	0.945835	26.3981	28.9374	0.734238	178.	0.564719
0.00909859	866685.	0.73512	0.51596	0.946043	26.1677	28.68	0.73512	179.
0.563494	0.00902886	869318.	0.735999	0.51835	0.94625	25.9402	28.4256	0.735999
180.	0.562278	0.00895992	871931.	0.736874	0.520726	0.946454	25.7153	28.1744
0.736874	181.	0.561071	0.00889177	874524.	0.737745	0.523089	0.946656	25.4932
27.9262	0.737745	182.	0.559873	0.0088244	877097.	0.738613	0.525439	0.946857
25.2737	27.681	0.738613	183.	0.558684	0.00875778	879651.	0.739476	0.527775
0.947056	25.0568	27.4387	0.739476	184.	0.557503	0.00869192	882186.	0.740336
0.530099	0.947253	24.8425	27.1993	0.740336	185.	0.556331	0.00862679	884702.
0.741191	0.532409	0.947449	24.6307	26.9627	0.741191	186.	0.555168	0.00856239
887198.	0.742043	0.534707	0.947643	24.4213	26.729	0.742043	187.	0.554013
0.0084987	889677.	0.742892	0.536992	0.947835	24.2145	26.4979	0.742892	188.
0.552866	0.00843571	892136.	0.743736	0.539265	0.948025	24.01	26.2696	0.743736
189.	0.551728	0.00837342	894578.	0.744577	0.541525	0.948214	23.8079	26.044
0.744577	190.	0.550598	0.00831182	897002.	0.745415	0.543773	0.948401	23.6082
25.821	0.745415	191.	0.549476	0.00825088	899408.	0.746248	0.546009	0.948586
23.4107	25.6006	0.746248	192.	0.548361	0.00819061	901796.	0.747079	0.548232
0.94877	23.2155	25.3827	0.747079	193.	0.547255	0.00813099	904167.	0.747905
0.550444	0.948953	23.0226	25.1674	0.747905	194.	0.546157	0.00807202	906520.
0.748728	0.552643	0.949134	22.8318	24.9545	0.748728	195.	0.545066	0.00801368
908857.	0.749548	0.554831	0.949313	22.6432	24.744	0.749548	196.	0.543983
0.00795596	911176.	0.750364	0.557007	0.949491	22.4567	24.536	0.750364	197.
0.542908	0.00789886	913479.	0.751176	0.559171	0.949667	22.2723	24.3303	0.751176
198.	0.54184	0.00784237	915766.	0.751985	0.561324	0.949841	22.09	24.127
0.751985	199.	0.54078	0.00778647	918036.	0.752791	0.563466	0.950015	21.9098
23.9259	0.752791	200.	0.539726	0.00773116	920290.	0.753593	0.565596	0.950187
21.7315	23.7271	0.753593	201.	0.538681	0.00767643	922528.	0.754392	0.567715
0.950357	21.5552	23.5305	0.754392	202.	0.537642	0.00762228	924750.	0.755187
0.569822	0.950526	21.3809	23.3361	0.755187	203.	0.536611	0.00756869	926957.
0.755979	0.571919	0.950694	21.2084	23.1439	0.755979	204.	0.535586	0.00751565
929148.	0.756768	0.574005	0.95086	21.0379	22.9538	0.756768	205.	0.534569
0.00746316	931324.	0.757553	0.576079	0.951025	20.8693	22.7658	0.757553	206.
0.533558	0.00741122	933484.	0.758336	0.578143	0.951188	20.7024	22.5799	0.758336
207.	0.532555	0.0073598	935630.	0.759114	0.580197	0.95135	20.5374	22.396
0.759114	208.	0.531558	0.00730891	937761.	0.75989	0.582239	0.951511	20.3742
22.2141	0.75989	209.	0.530568	0.00725854	939877.	0.760663	0.584271	0.95167
20.2127	22.0342	0.760663	210.	0.529584	0.00720868	941978.	0.761432	0.586293
0.951829	20.053	21.8563	0.761432	211.	0.528607	0.00715932	944065.	0.762198
0.588304	0.951986	19.895	21.6803	0.762198	212.	0.527637	0.00711046	946138.
0.762961	0.590305	0.952141	19.7386	21.5062	0.762961	213.	0.526673	0.00706209
948197.	0.763721	0.592296	0.952296	19.584	21.3339	0.763721	214.	0.525715
0.00701421	950241.	0.764477	0.594277	0.952449	19.4309	21.1635	0.764477	215.
0.524764	0.0069668	952272.	0.765231	0.596247	0.952601	19.2795	20.9949	0.765231
216.	0.523819	0.00691985	954289.	0.765982	0.598208	0.952751	19.1297	20.8281
0.765982	217.	0.52288	0.00687338	956293.	0.766729	0.600158	0.952901	18.9814
20.6631	0.766729	218.	0.521948	0.00682736	958283.	0.767473	0.602099	0.953049
18.8347	20.4999	0.767473	219.	0.521021	0.00678179	960260.	0.768215	0.60403
0.953197	18.6895	20.3383	0.768215	220.	0.520101	0.00673667	962223.	0.768953
0.605952	0.953343	18.5459	20.1784	0.768953	221.	0.519186	0.00669198	964174.
0.769689	0.607864	0.953488	18.4037	20.0203	0.769689	222.	0.518278	0.00664773
966112.	0.770421	0.609766	0.953631	18.263	19.8637	0.770421	223.	0.517375
0.00660391	968037.	0.771151	0.611659	0.953774	18.1237	19.7088	0.771151	224.
0.516478	0.00656051	969949.	0.771877	0.613543	0.953916	17.9859	19.5555	0.771877
225.	0.515587	0.00651753	971849.	0.772601	0.615417	0.954056	17.8494	19.4038
0.772601	226.	0.514701	0.00647496	973736.	0.773322	0.617282	0.954196	17.7144
19.2537	0.773322	226.10524712760434	0.514609	0.0064705	973933.	0.773397	0.617477	0.95421
17.7002	19.238	0.773397	227.10524712760434	0.513729	0.00642837	975807.	0.774115	0.619332
0.954349	17.5667	19.0895	0.774115	228.10524712760434	0.512856	0.00638665	977669.	0.77483
0.621178	0.954486	17.4345	18.9426	0.77483	229.10524712760434	0.511988	0.00634532	979518.
0.775542	0.623015	0.954622	17.3037	18.7972	0.775542	230.10524712760434	0.511125	0.00630438
981355.	0.776251	0.624842	0.954757	17.1742	18.6532	0.776251	231.10524712760434	0.510268
0.00626382	983181.	0.776957	0.626661	0.954891	17.0459	18.5107	0.776957	232.10524712760434
0.509416	0.00622365	984995.	0.77766	0.628471	0.955024	16.919	18.3697	0.77766
233.10524712760434	0.50857	0.00618385	986797.	0.778361	0.630273	0.955156	16.7933	18.2301
0.778361	234.10524712760434	0.507729	0.00614442	988588.	0.779059	0.632065	0.955287	16.6688
18.0918	0.779059	235.10524712760434	0.506893	0.00610535	990367.	0.779754	0.633849	0.955417
16.5456	17.955	0.779754	236.10524712760434	0.506062	0.00606665	992135.	0.780447	0.635624
0.955547	16.4236	17.8195	0.780447	237.10524712760434	0.505236	0.0060283	993892.	0.781136
0.637391	0.955675	16.3028	17.6854	0.781136	238.10524712760434	0.504416	0.0059903	995638.
0.781824	0.63915	0.955802	16.1832	17.5526	0.781824	239.10524712760434	0.5036	0.00595265
997373.	0.782508	0.6409	0.955928	16.0648	17.4212	0.782508	240.10524712760434	0.50279
0.00591534	999097.	0.78319	0.642641	0.956054	15.9475	17.291	0.78319	241.10524712760434
0.501985	0.00587837	1000810.	0.783869	0.644375	0.956178	15.8313	17.1621	0.783869
242.10524712760434	0.501184	0.00584174	1002512.	0.784545	0.6461	0.956302	15.7163	17.0345
0.784545	243.10524712760434	0.500388	0.00580544	1004204.	0.785219	0.647817	0.956424	15.6024
16.9081	0.785219	244.10524712760434	0.499598	0.00576946	1005885.	0.78589	0.649526	0.956546
15.4895	16.7829	0.78589	245.10524712760434	0.498812	0.00573381	1007556.	0.786559	0.651227
0.956667	15.3778	16.659	0.786559	246.10524712760434	0.49803	0.00569847	1009217.	0.787225
0.65292	0.956787	15.2671	16.5363	0.787225	247.10524712760434	0.497254	0.00566345	1010867.
0.787889	0.654605	0.956906	15.1575	16.4147	0.787889	248.10524712760434	0.496482	0.00562874
1012508.	0.78855	0.656282	0.957025	15.0489	16.2944	0.78855	249.10524712760434	0.495715
0.00559433	1014138.	0.789208	0.657951	0.957142	14.9414	16.1752	0.789208	250.10524712760434
0.494952	0.00556023	1015758.	0.789864	0.659613	0.957259	14.8349	16.0571	0.789864
251.10524712760434	0.494194	0.00552643	1017369.	0.790517	0.661267	0.957375	14.7293	15.9402
0.790517	252.10524712760434	0.49344	0.00549293	1018969.	0.791168	0.662913	0.95749	14.6248
15.8243	0.791168	253.10524712760434	0.492691	0.00545972	1020560.	0.791817	0.664551	0.957604
14.5212	15.7096	0.791817	254.10524712760434	0.491947	0.00542679	1022141.	0.792463	0.666182
0.957717	14.4187	15.596	0.792463	255.10524712760434	0.491206	0.00539415	1023713.	0.793106
0.667806	0.95783	14.317	15.4834	0.793106	256.10524712760434	0.49047	0.0053618	1025276.
0.793747	0.669422	0.957942	14.2163	15.3719	0.793747	257.10524712760434	0.489739	0.00532972
1026829.	0.794386	0.671031	0.958053	14.1166	15.2615	0.794386	258.10524712760434	0.489012
0.00529792	1028372.	0.795022	0.672632	0.958163	14.0178	15.1521	0.795022	259.10524712760434
0.488288	0.00526639	1029907.	0.795656	0.674226	0.958273	13.9198	15.0437	0.795656
260.10524712760434	0.48757	0.00523513	1031432.	0.796288	0.675813	0.958381	13.8228	14.9363
0.796288	261.10524712760434	0.486855	0.00520414	1032949.	0.796917	0.677392	0.95849	13.7267
14.8299	0.796917	262.10524712760434	0.486144	0.00517341	1034456.	0.797544	0.678965	0.958597
13.6314	14.7245	0.797544	263.10524712760434	0.485438	0.00514294	1035955.	0.798168	0.68053
0.958703	13.537	14.6201	0.798168	264.10524712760434	0.484736	0.00511273	1037444.	0.79879
0.682088	0.958809	13.4435	14.5166	0.79879	265.10524712760434	0.484037	0.00508277	1038925.
0.79941	0.68364	0.958914	13.3508	14.4141	0.79941	266.10524712760434	0.483343	0.00505306
1040398.	0.800028	0.685184	0.959019	13.259	14.3126	0.800028	267.10524712760434	0.482653
0.0050236	1041861.	0.800643	0.686721	0.959123	13.168	14.2119	0.800643	268.10524712760434
0.481966	0.00499439	1043316.	0.801256	0.688252	0.959226	13.0778	14.1122	0.801256
269.10524712760434	0.481284	0.00496542	1044763.	0.801866	0.689775	0.959328	12.9884	14.0134
0.801866	270.10524712760434	0.480605	0.00493669	1046202.	0.802475	0.691292	0.95943	12.8998
13.9155	0.802475	271.10524712760434	0.479931	0.00490819	1047632.	0.803081	0.692802	0.959531
12.812	13.8185	0.803081	272.10524712760434	0.47926	0.00487993	1049053.	0.803685	0.694306
0.959631	12.725	13.7223	0.803685	273.10524712760434	0.478593	0.00485191	1050467.	0.804286
0.695803	0.95973	12.6387	13.627	0.804286	274.10524712760434	0.477929	0.00482411	1051872.
0.804886	0.697293	0.959829	12.5532	13.5326	0.804886	275.10524712760434	0.47727	0.00479654
1053270.	0.805483	0.698776	0.959928	12.4685	13.439	0.805483	276.10524712760434	0.476614
0.00476919	1054659.	0.806078	0.700253	0.960026	12.3845	13.3463	0.806078	277.10524712760434
0.475962	0.00474207	1056041.	0.806671	0.701724	0.960123	12.3013	13.2544	0.806671
278.10524712760434	0.475313	0.00471516	1057415.	0.807262	0.703188	0.960219	12.2188	13.1633
0.807262	279.10524712760434	0.474668	0.00468847	1058781.	0.80785	0.704646	0.960315	12.137
13.073	0.80785	280.10524712760434	0.474027	0.004662	1060139.	0.808437	0.706097	0.96041
12.0559	12.9835	0.808437	281.10524712760434	0.473389	0.00463574	1061489.	0.809021	0.707542
0.960505	11.9755	12.8948	0.809021	282.10524712760434	0.472754	0.00460969	1062832.	0.809603
0.708981	0.960599	11.8958	12.8069	0.809603	283.10524712760434	0.472124	0.00458385	1064168.
0.810183	0.710413	0.960692	11.8168	12.7197	0.810183	284.10524712760434	0.471496	0.00455821
1065496.	0.810761	0.711839	0.960785	11.7385	12.6334	0.810761	285.10524712760434	0.470872
0.00453277	1066816.	0.811337	0.713259	0.960877	11.6608	12.5477	0.811337	286.10524712760434
0.470252	0.00450754	1068129.	0.811911	0.714673	0.960968	11.5838	12.4628	0.811911
287.10524712760434	0.469635	0.0044825	1069435.	0.812483	0.716081	0.961059	11.5075	12.3787
0.812483	288.10524712760434	0.469021	0.00445767	1070734.	0.813053	0.717483	0.96115	11.4318
12.2953	0.813053	289.10524712760434	0.468411	0.00443302	1072025.	0.81362	0.718879	0.96124
11.3568	12.2126	0.81362	290.10524712760434	0.467803	0.00440857	1073310.	0.814186	0.720269
0.961329	11.2824	12.1306	0.814186	291.10524712760434	0.4672	0.00438431	1074587.	0.814749
0.721652	0.961418	11.2087	12.0493	0.814749	292.10524712760434	0.466599	0.00436024	1075857.
0.815311	0.72303	0.961506	11.1355	11.9688	0.815311	293.10524712760434	0.466002	0.00433636
1077120.	0.81587	0.724402	0.961594	11.063	11.8889	0.81587	294.10524712760434	0.465408
0.00431266	1078377.	0.816428	0.725769	0.961681	10.9911	11.8097	0.816428	295.10524712760434
0.464817	0.00428914	1079626.	0.816983	0.727129	0.961767	10.9198	11.7312	0.816983
296.10524712760434	0.464229	0.0042658	1080869.	0.817537	0.728484	0.961853	10.8491	11.6533
0.817537	297.10524712760434	0.463645	0.00424265	1082105.	0.818088	0.729832	0.961939	10.7789
11.5761	0.818088	298.10524712760434	0.463063	0.00421967	1083334.	0.818638	0.731176	0.962023
10.7094	11.4996	0.818638	299.10524712760434	0.462485	0.00419686	1084556.	0.819186	0.732513
0.962108	10.6404	11.4237	0.819186	300.10524712760434	0.461909	0.00417423	1085772.	0.819731
0.733845	0.962192	10.572	11.3484	0.819731	301.10524712760434	0.461337	0.00415177	1086982.
0.820275	0.735171	0.962275	10.5042	11.2738	0.820275	302.10524712760434	0.460768	0.00412948
1088185.	0.820817	0.736492	0.962358	10.437	11.1998	0.820817	303.10524712760434	0.460202
0.00410735	1089381.	0.821357	0.737807	0.96244	10.3702	11.1265	0.821357	304.10524712760434
0.459638	0.0040854	1090571.	0.821895	0.739117	0.962522	10.3041	11.0537	0.821895
305.10524712760434	0.459078	0.00406361	1091755.	0.822431	0.740421	0.962604	10.2384	10.9815
0.822431	306.10524712760434	0.458521	0.00404198	1092932.	0.822966	0.74172	0.962685	10.1734
10.91	0.822966	307.10524712760434	0.457966	0.00402051	1094103.	0.823498	0.743014	0.962765
10.1088	10.839	0.823498	308.10524712760434	0.457415	0.00399921	1095268.	0.824028	0.744302
0.962845	10.0448	10.7687	0.824028	309.10524712760434	0.456866	0.00397806	1096427.	0.824557
0.745584	0.962924	9.98125	10.6989	0.824557	310.10524712760434	0.45632	0.00395707	1097580.
0.825084	0.746862	0.963003	9.91825	10.6297	0.825084	311.10524712760434	0.455777	0.00393623
1098726.	0.825609	0.748134	0.963082	9.85576	10.561	0.825609	312.10524712760434	0.455237
0.00391555	1099867.	0.826132	0.749401	0.96316	9.79377	10.4929	0.826132	313.10524712760434
0.4547	0.00389502	1101001.	0.826653	0.750662	0.963237	9.73227	10.4254	0.826653
314.10524712760434	0.454165	0.00387463	1102130.	0.827173	0.751919	0.963314	9.67128	10.3584
0.827173	315.10524712760434	0.453633	0.0038544	1103253.	0.82769	0.75317	0.963391	9.61077
10.292	0.82769	316.10524712760434	0.453104	0.00383432	1104369.	0.828206	0.754416	0.963467
9.55074	10.2261	0.828206	317.10524712760434	0.452578	0.00381438	1105481.	0.82872	0.755657
0.963543	9.49119	10.1607	0.82872	318.10524712760434	0.452054	0.00379459	1106586.	0.829233
0.756893	0.963618	9.43211	10.0959	0.829233	319.10524712760434	0.451533	0.00377494	1107685.
0.829743	0.758124	0.963693	9.3735	10.0316	0.829743	320.10524712760434	0.451015	0.00375543
1108779.	0.830252	0.75935	0.963768	9.31536	9.96784	0.830252	321.10524712760434	0.450499
0.00373606	1109867.	0.830759	0.760571	0.963842	9.25767	9.90457	0.830759	322.10524712760434
0.449986	0.00371683	1110950.	0.831264	0.761787	0.963915	9.20044	9.8418	0.831264
323.10524712760434	0.449475	0.00369774	1112027.	0.831768	0.762998	0.963988	9.14366	9.77954
0.831768	324.10524712760434	0.448968	0.00367878	1113098.	0.832269	0.764204	0.964061	9.08732
9.71778	0.832269	325.10524712760434	0.448462	0.00365996	1114164.	0.83277	0.765405	0.964133
9.03142	9.65651	0.83277	326.10524712760434	0.447959	0.00364128	1115225.	0.833268	0.766602
0.964205	8.97596	9.59573	0.833268	327.10524712760434	0.447459	0.00362272	1116280.	0.833764
0.767793	0.964277	8.92093	9.53543	0.833764	328.10524712760434	0.446961	0.0036043	1117330.
0.834259	0.76898	0.964348	8.86633	9.47561	0.834259	329.10524712760434	0.446466	0.00358601
1118374.	0.834753	0.770162	0.964419	8.81216	9.41626	0.834753	330.10524712760434	0.445973
0.00356784	1119413.	0.835244	0.771339	0.964489	8.7584	9.35738	0.835244	331.10524712760434
0.445483	0.00354981	1120447.	0.835734	0.772512	0.964559	8.70506	9.29896	0.835734
332.10524712760434	0.444995	0.0035319	1121476.	0.836222	0.77368	0.964628	8.65212	9.241
0.836222	333.10524712760434	0.444509	0.00351411	1122499.	0.836709	0.774843	0.964697	8.5996
9.1835	0.836709	334.10524712760434	0.444026	0.00349645	1123518.	0.837193	0.776002	0.964766
8.54747	9.12644	0.837193	335.10524712760434	0.443546	0.00347891	1124531.	0.837677	0.777156
0.964834	8.49575	9.06984	0.837677	336.10524712760434	0.443067	0.0034615	1125539.	0.838158
0.778305	0.964902	8.44442	9.01367	0.838158	337.10524712760434	0.442591	0.0034442	1126542.
0.838638	0.77945	0.96497	8.39349	8.95794	0.838638	338.10524712760434	0.442118	0.00342703
1127540.	0.839116	0.78059	0.965037	8.34294	8.90264	0.839116	339.10524712760434	0.441646
0.00340997	1128533.	0.839593	0.781726	0.965104	8.29277	8.84777	0.839593	340.10524712760434
0.441177	0.00339303	1129522.	0.840068	0.782857	0.96517	8.24299	8.79333	0.840068
341.10524712760434	0.440711	0.0033762	1130505.	0.840541	0.783984	0.965236	8.19358	8.7393
0.840541	342.10524712760434	0.440246	0.00335949	1131483.	0.841013	0.785106	0.965302	8.14454
8.68569	0.841013	343.10524712760434	0.439784	0.0033429	1132457.	0.841484	0.786224	0.965367
8.09588	8.6325	0.841484	344.10524712760434	0.439324	0.00332641	1133426.	0.841952	0.787338
0.965432	8.04757	8.57971	0.841952	345.10524712760434	0.438867	0.00331004	1134390.	0.842419
0.788447	0.965497	7.99964	8.52732	0.842419	346.10524712760434	0.438411	0.00329378	1135349.
0.842885	0.789552	0.965561	7.95205	8.47534	0.842885	347.10524712760434	0.437958	0.00327763
1136303.	0.843349	0.790653	0.965625	7.90483	8.42375	0.843349	348.10524712760434	0.437507
0.00326159	1137253.	0.843811	0.791749	0.965688	7.85796	8.37255	0.843811	349.10524712760434
0.437058	0.00324566	1138199.	0.844272	0.792841	0.965752	7.81143	8.32174	0.844272
350.10524712760434	0.436611	0.00322983	1139139.	0.844731	0.793928	0.965814	7.76525	8.27132
0.844731	351.10524712760434	0.436167	0.00321411	1140075.	0.845189	0.795012	0.965877	7.71942
8.22128	0.845189	352.10524712760434	0.435724	0.00319849	1141007.	0.845645	0.796091	0.965939
7.67392	8.17161	0.845645	353.10524712760434	0.435284	0.00318298	1141934.	0.8461	0.797166
0.966001	7.62876	8.12232	0.8461	354.10524712760434	0.434846	0.00316757	1142856.	0.846553
0.798237	0.966062	7.58393	8.07341	0.846553	355.10524712760434	0.43441	0.00315227	1143774.
0.847005	0.799304	0.966124	7.53943	8.02485	0.847005	356.10524712760434	0.433976	0.00313706
1144688.	0.847455	0.800366	0.966184	7.49525	7.97666	0.847455	357.10524712760434	0.433544
0.00312196	1145597.	0.847903	0.801425	0.966245	7.4514	7.92884	0.847903	358.10524712760434
0.433114	0.00310695	1146502.	0.848351	0.802479	0.966305	7.40787	7.88136	0.848351
359.10524712760434	0.432686	0.00309205	1147402.	0.848796	0.80353	0.966365	7.36466	7.83425
0.848796	360.10524712760434	0.43226	0.00307724	1148298.	0.84924	0.804576	0.966425	7.32177
7.78748	0.84924	361.10524712760434	0.431836	0.00306253	1149190.	0.849683	0.805618	0.966484
7.27918	7.74106	0.849683	362.10524712760434	0.431414	0.00304791	1150078.	0.850124	0.806657
0.966543	7.2369	7.69498	0.850124	363.10524712760434	0.430994	0.00303339	1150961.	0.850564
0.807691	0.966601	7.19493	7.64924	0.850564	364.10524712760434	0.430577	0.00301897	1151840.
0.851002	0.808721	0.96666	7.15326	7.60384	0.851002	365.10524712760434	0.430161	0.00300463
1152715.	0.851439	0.809748	0.966718	7.11189	7.55878	0.851439	366.10524712760434	0.429747
0.00299039	1153586.	0.851875	0.81077	0.966775	7.07082	7.51405	0.851875	367.10524712760434
0.429335	0.00297625	1154453.	0.852309	0.811789	0.966833	7.03005	7.46964	0.852309
368.10524712760434	0.428925	0.00296219	1155315.	0.852741	0.812804	0.96689	6.98957	7.42556
0.852741	369.10524712760434	0.428516	0.00294822	1156174.	0.853172	0.813815	0.966947	6.94937
7.3818	0.853172	370.10524712760434	0.42811	0.00293435	1157028.	0.853602	0.814822	0.967003
6.90947	7.33836	0.853602	371.10524712760434	0.427706	0.00292056	1157879.	0.85403	0.815825
0.967059	6.86985	7.29524	0.85403	372.10524712760434	0.427303	0.00290686	1158725.	0.854457
0.816824	0.967115	6.83051	7.25243	0.854457	373.10524712760434	0.426902	0.00289325	1159568.
0.854883	0.81782	0.967171	6.79145	7.20993	0.854883	374.10524712760434	0.426504	0.00287972
1160406.	0.855307	0.818812	0.967226	6.75266	7.16774	0.855307	375.10524712760434	0.426107
0.00286628	1161241.	0.855729	0.8198	0.967281	6.71415	7.12585	0.855729	376.10524712760434
0.425711	0.00285293	1162072.	0.856151	0.820784	0.967336	6.67592	7.08427	0.856151
377.10524712760434	0.425318	0.00283966	1162898.	0.856571	0.821765	0.967391	6.63795	7.04298
0.856571	378.10524712760434	0.424927	0.00282647	1163722.	0.856989	0.822742	0.967445	6.60025
7.002	0.856989	379.10524712760434	0.424537	0.00281337	1164541.	0.857406	0.823715	0.967499
6.56281	6.9613	0.857406	380.10524712760434	0.424149	0.00280034	1165356.	0.857822	0.824685
0.967552	6.52564	6.9209	0.857822	381.10524712760434	0.423763	0.0027874	1166168.	0.858237
0.825651	0.967606	6.48873	6.88079	0.858237	382.10524712760434	0.423378	0.00277454	1166976.
0.85865	0.826614	0.967659	6.45207	6.84096	0.85865	383.10524712760434	0.422996	0.00276177
1167780.	0.859061	0.827573	0.967712	6.41567	6.80142	0.859061	384.10524712760434	0.422615
0.00274907	1168580.	0.859472	0.828528	0.967764	6.37953	6.76216	0.859472	385.10524712760434
0.422235	0.00273645	1169377.	0.859881	0.82948	0.967817	6.34363	6.72318	0.859881
386.10524712760434	0.421858	0.0027239	1170170.	0.860289	0.830428	0.967869	6.30798	6.68447
0.860289	387.10524712760434	0.421482	0.00271144	1170960.	0.860695	0.831372	0.96792	6.27259
6.64604	0.860695	388.10524712760434	0.421108	0.00269905	1171746.	0.8611	0.832313	0.967972
6.23743	6.60788	0.8611	389.10524712760434	0.420736	0.00268674	1172528.	0.861504	0.833251
0.968023	6.20252	6.56998	0.861504	390.10524712760434	0.420365	0.0026745	1173307.	0.861907
0.834185	0.968074	6.16785	6.53236	0.861907	391.10524712760434	0.419996	0.00266234	1174082.
0.862308	0.835116	0.968125	6.13341	6.495	0.862308	392.10524712760434	0.419629	0.00265026
1174854.	0.862708	0.836043	0.968175	6.09922	6.4579	0.862708	393.10524712760434	0.419263
0.00263825	1175622.	0.863106	0.836967	0.968226	6.06526	6.42106	0.863106	394.10524712760434
0.418899	0.00262631	1176387.	0.863504	0.837888	0.968276	6.03153	6.38448	0.863504
395.10524712760434	0.418536	0.00261444	1177148.	0.8639	0.838805	0.968325	5.99803	6.34815
0.8639	396.10524712760434	0.418175	0.00260265	1177906.	0.864294	0.839718	0.968375	5.96475
6.31208	0.864294	397.10524712760434	0.417816	0.00259092	1178660.	0.864688	0.840629	0.968424
5.93171	6.27626	0.864688	398.10524712760434	0.417459	0.00257927	1179411.	0.86508	0.841536
0.968473	5.89889	6.24069	0.86508	399.10524712760434	0.417102	0.00256769	1180159.	0.865471
0.842439	0.968522	5.86629	6.20536	0.865471	400.10524712760434	0.416748	0.00255618	1180903.
0.865861	0.843339	0.96857	5.83391	6.17028	0.865861	401.10524712760434	0.416395	0.00254474
1181644.	0.866249	0.844237	0.968619	5.80175	6.13544	0.866249	402.10524712760434	0.416044
0.00253336	1182382.	0.866636	0.84513	0.968667	5.76981	6.10084	0.866636	403.10524712760434
0.415694	0.00252206	1183116.	0.867022	0.846021	0.968715	5.73809	6.06648	0.867022
404.10524712760434	0.415346	0.00251082	1183847.	0.867407	0.846908	0.968762	5.70657	6.03235
0.867407	405.10524712760434	0.414999	0.00249965	1184575.	0.86779	0.847792	0.968809	5.67527
5.99846	0.86779	406.10524712760434	0.414654	0.00248854	1185299.	0.868173	0.848673	0.968857
5.64418	5.96481	0.868173	407.10524712760434	0.41431	0.0024775	1186021.	0.868554	0.84955
0.968903	5.6133	5.93138	0.868554	408.10524712760434	0.413968	0.00246653	1186739.	0.868933
0.850425	0.96895	5.58262	5.89818	0.868933	409.10524712760434	0.413627	0.00245562	1187454.
0.869312	0.851296	0.968997	5.55215	5.86521	0.869312	410.10524712760434	0.413288	0.00244478
1188166.	0.869689	0.852164	0.969043	5.52188	5.83246	0.869689	411.10524712760434	0.41295
0.002434	1188874.	0.870066	0.853029	0.969089	5.49181	5.79993	0.870066	412.10524712760434
0.412614	0.00242328	1189580.	0.870441	0.853891	0.969135	5.46194	5.76763	0.870441
413.10524712760434	0.412279	0.00241263	1190282.	0.870814	0.854749	0.96918	5.43227	5.73554
0.870814	414.10524712760434	0.411946	0.00240204	1190982.	0.871187	0.855605	0.969225	5.40279
5.70367	0.871187	415.10524712760434	0.411614	0.00239151	1191678.	0.871558	0.856457	0.969271
5.37351	5.67202	0.871558	416.10524712760434	0.411284	0.00238104	1192371.	0.871929	0.857307
0.969315	5.34442	5.64057	0.871929	417.10524712760434	0.410955	0.00237063	1193062.	0.872298
0.858153	0.96936	5.31553	5.60935	0.872298	418.10524712760434	0.410627	0.00236028	1193749.
0.872666	0.858996	0.969405	5.28682	5.57833	0.872666	419.10524712760434	0.410301	0.00235
1194433.	0.873032	0.859837	0.969449	5.2583	5.54752	0.873032	420.10524712760434	0.409976
0.00233977	1195114.	0.873398	0.860674	0.969493	5.22997	5.51691	0.873398	421.10524712760434
0.409653	0.0023296	1195792.	0.873762	0.861508	0.969537	5.20183	5.48651	0.873762
422.10524712760434	0.409331	0.00231949	1196468.	0.874125	0.862339	0.96958	5.17387	5.45631
0.874125	423.10524712760434	0.40901	0.00230944	1197140.	0.874488	0.863168	0.969624	5.14609
5.42632	0.874488	424.10524712760434	0.408691	0.00229945	1197810.	0.874849	0.863993	0.969667
5.11849	5.39652	0.874849	425.10524712760434	0.408373	0.00228952	1198476.	0.875208	0.864815
0.96971	5.09107	5.36693	0.875208	426.10524712760434	0.408057	0.00227964	1199140.	0.875567
0.865635	0.969753	5.06383	5.33753	0.875567	427.10524712760434	0.407742	0.00226981	1199801.
0.875925	0.866451	0.969795	5.03676	5.30832	0.875925	428.10524712760434	0.407428	0.00226005
1200459.	0.876281	0.867265	0.969838	5.00987	5.27931	0.876281	429.10524712760434	0.407115
0.00225034	1201114.	0.876636	0.868076	0.96988	4.98316	5.25049	0.876636	430.10524712760434
0.406804	0.00224068	1201766.	0.87699	0.868884	0.969922	4.95661	5.22185	0.87699
431.10524712760434	0.406494	0.00223108	1202416.	0.877343	0.869689	0.969964	4.93024	5.19341
0.877343	432.10524712760434	0.406186	0.00222154	1203063.	0.877695	0.870491	0.970006	4.90404
5.16516	0.877695	433.10524712760434	0.405879	0.00221204	1203707.	0.878046	0.87129	0.970047
4.878	5.13709	0.878046	434.10524712760434	0.405573	0.00220261	1204348.	0.878396	0.872086
0.970088	4.85213	5.1092	0.878396	435.10524712760434	0.405268	0.00219322	1204986.	0.878745
0.87288	0.970129	4.82643	5.0815	0.878745	436.10524712760434	0.404965	0.00218389	1205622.
0.879092	0.873671	0.97017	4.80089	5.05398	0.879092	437.10524712760434	0.404663	0.00217461
1206255.	0.879439	0.874459	0.970211	4.77552	5.02663	0.879439	438.10524712760434	0.404362
0.00216538	1206886.	0.879784	0.875244	0.970251	4.7503	4.99947	0.879784	439.10524712760434
0.404063	0.0021562	1207513.	0.880128	0.876027	0.970292	4.72525	4.97248	0.880128
440.10524712760434	0.403764	0.00214708	1208138.	0.880471	0.876806	0.970332	4.70035	4.94567
0.880471	441.10524712760434	0.403467	0.002138	1208761.	0.880814	0.877583	0.970372	4.67562
4.91903	0.880814	442.10524712760434	0.403172	0.00212898	1209381.	0.881155	0.878358	0.970411
4.65104	4.89257	0.881155	443.10524712760434	0.402877	0.00212	1209998.	0.881495	0.879129
0.970451	4.62661	4.86627	0.881495	444.10524712760434	0.402584	0.00211108	1210612.	0.881834
0.879898	0.97049	4.60234	4.84015	0.881834	445.10524712760434	0.402292	0.0021022	1211224.
0.882171	0.880664	0.97053	4.57823	4.81419	0.882171	446.10524712760434	0.402001	0.00209338
1211834.	0.882508	0.881428	0.970569	4.55426	4.7884	0.882508	447.10524712760434	0.401711
0.0020846	1212441.	0.882844	0.882189	0.970607	4.53045	4.76278	0.882844	448.10524712760434
0.401423	0.00207587	1213045.	0.883179	0.882947	0.970646	4.50678	4.73732	0.883179
449.10524712760434	0.401136	0.00206719	1213647.	0.883512	0.883702	0.970685	4.48326	4.71203
0.883512	450.10524712760434	0.400849	0.00205856	1214246.	0.883845	0.884455	0.970723	4.45989
4.68689	0.883845	451.10524712760434	0.400565	0.00204997	1214843.	0.884177	0.885205	0.970761
4.43667	4.66192	0.884177	452.10524712760434	0.400281	0.00204143	1215437.	0.884507	0.885953
0.970799	4.41359	4.63711	0.884507	453.10524712760434	0.399998	0.00203294	1216029.	0.884837
0.886698	0.970837	4.39066	4.61246	0.884837	454.10524712760434	0.399717	0.00202449	1216619.
0.885165	0.88744	0.970874	4.36787	4.58796	0.885165	455.10524712760434	0.399437	0.00201609
1217205.	0.885493	0.88818	0.970912	4.34521	4.56362	0.885493	456.10524712760434	0.399158
0.00200774	1217790.	0.885819	0.888918	0.970949	4.3227	4.53943	0.885819	457.10524712760434
0.39888	0.00199943	1218372.	0.886145	0.889652	0.970986	4.30033	4.51539	0.886145
458.10524712760434	0.398603	0.00199116	1218952.	0.886469	0.890385	0.971023	4.2781	4.49151
0.886469	459.10524712760434	0.398327	0.00198294	1219529.	0.886793	0.891114	0.97106	4.25601
4.46778	0.886793	460.10524712760434	0.398053	0.00197477	1220104.	0.887115	0.891841	0.971097
4.23405	4.4442	0.887115	461.10524712760434	0.397779	0.00196663	1220676.	0.887437	0.892566
0.971133	4.21223	4.42077	0.887437	462.10524712760434	0.397507	0.00195855	1221247.	0.887757
0.893288	0.97117	4.19054	4.39748	0.887757	463.10524712760434	0.397236	0.0019505	1221814.
0.888077	0.894008	0.971206	4.16898	4.37435	0.888077	464.10524712760434	0.396966	0.0019425
1222380.	0.888395	0.894725	0.971242	4.14756	4.35135	0.888395	465.10524712760434	0.396697
0.00193454	1222943.	0.888713	0.89544	0.971278	4.12627	4.32851	0.888713	466.10524712760434
0.396429	0.00192662	1223504.	0.889029	0.896152	0.971313	4.1051	4.3058	0.889029
467.10524712760434	0.396162	0.00191875	1224062.	0.889345	0.896862	0.971349	4.08407	4.28324
0.889345	468.10524712760434	0.395897	0.00191092	1224619.	0.889659	0.897569	0.971384	4.06317
4.26081	0.889659	469.10524712760434	0.395632	0.00190312	1225173.	0.889973	0.898274	0.971419
4.04239	4.23853	0.889973	470.10524712760434	0.395368	0.00189537	1225724.	0.890286	0.898976
0.971454	4.02174	4.21639	0.890286	471.10524712760434	0.395106	0.00188767	1226274.	0.890597
0.899676	0.971489	4.00122	4.19438	0.890597	472.10524712760434	0.394844	0.00188	1226821.
0.890908	0.900374	0.971524	3.98081	4.17251	0.890908	473.10524712760434	0.394584	0.00187237
1227366.	0.891218	0.901069	0.971559	3.96054	4.15078	0.891218	474.10524712760434	0.394325
0.00186478	1227909.	0.891527	0.901762	0.971593	3.94038	4.12918	0.891527	475.10524712760434
0.394066	0.00185723	1228450.	0.891835	0.902453	0.971627	3.92035	4.10771	0.891835
476.10524712760434	0.393809	0.00184973	1228988.	0.892142	0.903141	0.971661	3.90044	4.08638
0.892142	477.10524712760434	0.393553	0.00184226	1229525.	0.892448	0.903827	0.971695	3.88065
4.06518	0.892448	478.10524712760434	0.393298	0.00183483	1230059.	0.892753	0.904511	0.971729
3.86098	4.0441	0.892753	479.10524712760434	0.393043	0.00182744	1230591.	0.893057	0.905192
0.971763	3.84142	4.02316	0.893057	480.10524712760434	0.39279	0.00182009	1231120.	0.89336
0.905871	0.971796	3.82199	4.00235	0.89336	481.10524712760434	0.392538	0.00181277	1231648.
0.893662	0.906547	0.97183	3.80267	3.98167	0.893662	482.10524712760434	0.392287	0.00180549
1232174.	0.893964	0.907222	0.971863	3.78346	3.96111	0.893964	483.10524712760434	0.392037
0.00179826	1232697.	0.894264	0.907894	0.971896	3.76437	3.94067	0.894264	484.10524712760434
0.391788	0.00179106	1233219.	0.894564	0.908563	0.971929	3.7454	3.92037	0.894564
485.10524712760434	0.391539	0.00178389	1233738.	0.894862	0.909231	0.971962	3.72654	3.90018
0.894862	486.10524712760434	0.391292	0.00177676	1234255.	0.89516	0.909896	0.971995	3.70778
3.88012	0.89516	487.10524712760434	0.391046	0.00176967	1234770.	0.895457	0.910559	0.972027
3.68915	3.86018	0.895457	488.10524712760434	0.390801	0.00176262	1235283.	0.895752	0.91122
0.97206	3.67062	3.84037	0.895752	489.10524712760434	0.390556	0.0017556	1235794.	0.896047
0.911878	0.972092	3.6522	3.82067	0.896047	490.10524712760434	0.390313	0.00174862	1236303.
0.896341	0.912534	0.972124	3.63389	3.80109	0.896341	491.10524712760434	0.390071	0.00174168
1236810.	0.896635	0.913189	0.972156	3.61569	3.78163	0.896635	492.10524712760434	0.389829
0.00173477	1237315.	0.896927	0.91384	0.972188	3.5976	3.76229	0.896927	493.10524712760434
0.389589	0.00172789	1237818.	0.897218	0.91449	0.97222	3.57961	3.74307	0.897218
494.10524712760434	0.389349	0.00172105	1238319.	0.897509	0.915137	0.972251	3.56173	3.72396
0.897509	495.10524712760434	0.389111	0.00171425	1238818.	0.897798	0.915783	0.972283	3.54396
3.70497	0.897798	496.10524712760434	0.388873	0.00170748	1239315.	0.898087	0.916426	0.972314
3.52629	3.68609	0.898087	497.10524712760434	0.388636	0.00170074	1239810.	0.898375	0.917067
0.972345	3.50872	3.66732	0.898375	498.10524712760434	0.388401	0.00169404	1240304.	0.898662
0.917706	0.972376	3.49126	3.64867	0.898662	499.10524712760434	0.388166	0.00168737	1240795.
0.898948	0.918342	0.972407	3.4739	3.63013	0.898948	500.10524712760434	0.387932	0.00168074
1241284.	0.899233	0.918977	0.972438	3.45664	3.6117	0.899233	501.10524712760434	0.387699
0.00167413	1241771.	0.899518	0.919609	0.972469	3.43948	3.59338	0.899518	502.10524712760434
0.387467	0.00166757	1242257.	0.899801	0.92024	0.972499	3.42242	3.57517	0.899801
503.10524712760434	0.387235	0.00166103	1242740.	0.900084	0.920868	0.97253	3.40546	3.55707
0.900084	504.10524712760434	0.387005	0.00165453	1243222.	0.900366	0.921494	0.97256	3.3886
3.53907	0.900366	505.10524712760434	0.386776	0.00164806	1243701.	0.900647	0.922118	0.97259
3.37184	3.52119	0.900647	506.10524712760434	0.386547	0.00164162	1244179.	0.900927	0.92274
0.97262	3.35518	3.50341	0.900927	507.10524712760434	0.386319	0.00163522	1244655.	0.901206
0.92336	0.97265	3.33861	3.48573	0.901206	508.10524712760434	0.386093	0.00162884	1245129.
0.901485	0.923978	0.97268	3.32213	3.46816	0.901485	509.10524712760434	0.385867	0.0016225
1245602.	0.901762	0.924593	0.97271	3.30576	3.4507	0.901762	510.10524712760434	0.385642
0.00161619	1246072.	0.902039	0.925207	0.972739	3.28948	3.43333	0.902039	511.10524712760434
0.385418	0.00160992	1246541.	0.902315	0.925819	0.972769	3.27329	3.41607	0.902315
512.1052471276043	0.385194	0.00160367	1247008.	0.90259	0.926428	0.972798	3.25719	3.39892
0.90259	513.1052471276043	0.384972	0.00159745	1247473.	0.902864	0.927036	0.972827	3.24119
3.38186	0.902864	514.1052471276043	0.38475	0.00159127	1247936.	0.903138	0.927642	0.972856
3.22528	3.3649	0.903138	515.1052471276043	0.38453	0.00158511	1248397.	0.90341	0.928245
0.972885	3.20946	3.34804	0.90341	516.1052471276043	0.38431	0.00157899	1248857.	0.903682
0.928847	0.972914	3.19373	3.33129	0.903682	517.1052471276043	0.384091	0.00157289	1249315.
0.903953	0.929446	0.972943	3.17809	3.31463	0.903953	518.1052471276043	0.383872	0.00156683
1249771.	0.904223	0.930044	0.972971	3.16255	3.29806	0.904223	519.1052471276043	0.383655
0.00156079	1250225.	0.904493	0.93064	0.973	3.14709	3.2816	0.904493	520.1052471276043
0.383439	0.00155479	1250678.	0.904761	0.931233	0.973028	3.13171	3.26523	0.904761
521.1052471276043	0.383223	0.00154881	1251128.	0.905029	0.931825	0.973056	3.11643	3.24896
0.905029	522.1052471276043	0.383008	0.00154286	1251577.	0.905296	0.932415	0.973084	3.10123
3.23278	0.905296	523.1052471276043	0.382794	0.00153694	1252025.	0.905562	0.933003	0.973112
3.08612	3.21669	0.905562	524.1052471276043	0.382581	0.00153105	1252470.	0.905827	0.933589
0.97314	3.0711	3.2007	0.905827	525.1052471276043	0.382368	0.00152519	1252914.	0.906092
0.934173	0.973168	3.05616	3.1848	0.906092	526.1052471276043	0.382157	0.00151936	1253357.
0.906355	0.934755	0.973195	3.04131	3.169	0.906355	527.1052471276043	0.381946	0.00151356
1253797.	0.906618	0.935335	0.973223	3.02654	3.15328	0.906618	528.1052471276043	0.381736
0.00150778	1254236.	0.906881	0.935913	0.97325	3.01185	3.13766	0.906881	529.1052471276043
0.381526	0.00150203	1254673.	0.907142	0.936489	0.973278	2.99725	3.12213	0.907142
530.1052471276043	0.381318	0.00149631	1255109.	0.907402	0.937064	0.973305	2.98273	3.10669
0.907402	531.1052471276043	0.38111	0.00149062	1255543.	0.907662	0.937636	0.973332	2.96829
3.09133	0.907662	532.1052471276043	0.380903	0.00148496	1255975.	0.907921	0.938207	0.973359
2.95393	3.07607	0.907921	533.1052471276043	0.380697	0.00147932	1256405.	0.90818	0.938776
0.973386	2.93965	3.06089	0.90818	534.1052471276043	0.380492	0.00147371	1256834.	0.908437
0.939343	0.973413	2.92545	3.0458	0.908437	535.1052471276043	0.380288	0.00146812	1257262.
0.908694	0.939908	0.973439	2.91134	3.03079	0.908694	536.1052471276043	0.380084	0.00146257
1257687.	0.90895	0.940471	0.973466	2.8973	3.01588	0.90895	537.1052471276043	0.379881
0.00145704	1258112.	0.909205	0.941033	0.973492	2.88334	3.00105	0.909205	538.1052471276043
0.379678	0.00145153	1258534.	0.909459	0.941592	0.973519	2.86946	2.9863	0.909459
539.1052471276043	0.379477	0.00144605	1258955.	0.909713	0.94215	0.973545	2.85565	2.97164
0.909713	540.1052471276043	0.379276	0.0014406	1259374.	0.909966	0.942706	0.973571	2.84193
2.95706	0.909966	541.1052471276043	0.379076	0.00143518	1259792.	0.910218	0.94326	0.973597
2.82828	2.94256	0.910218	542.1052471276043	0.378877	0.00142977	1260208.	0.91047	0.943812
0.973623	2.8147	2.92815	0.91047	543.1052471276043	0.378679	0.0014244	1260623.	0.91072
0.944363	0.973649	2.8012	2.91381	0.91072	544.1052471276043	0.378481	0.00141905	1261036.
0.91097	0.944912	0.973675	2.78778	2.89956	0.91097	545.1052471276043	0.378284	0.00141373
1261447.	0.911219	0.945459	0.9737	2.77443	2.8854	0.911219	546.1052471276043	0.378087
0.00140843	1261857.	0.911468	0.946004	0.973726	2.76115	2.87131	0.911468	547.1052471276043
0.377892	0.00140315	1262266.	0.911715	0.946547	0.973751	2.74795	2.8573	0.911715
548.1052471276043	0.377697	0.0013979	1262672.	0.911962	0.947089	0.973776	2.73482	2.84337
0.911962	549.1052471276043	0.377503	0.00139268	1263078.	0.912209	0.947629	0.973802	2.72177
2.82952	0.912209	550.1052471276043	0.37731	0.00138748	1263482.	0.912454	0.948167	0.973827
2.70878	2.81575	0.912454	551.1052471276043	0.377117	0.0013823	1263884.	0.912699	0.948704
0.973852	2.69587	2.80205	0.912699	552.1052471276043	0.376925	0.00137715	1264285.	0.912943
0.949238	0.973877	2.68303	2.78843	0.912943	553.1052471276043	0.376734	0.00137203	1264684.
0.913186	0.949771	0.973901	2.67026	2.77489	0.913186	554.1052471276043	0.376543	0.00136692
1265082.	0.913429	0.950303	0.973926	2.65756	2.76143	0.913429	555.1052471276043	0.376353
0.00136184	1265478.	0.913671	0.950832	0.973951	2.64493	2.74804	0.913671	556.1052471276043
0.376164	0.00135679	1265873.	0.913912	0.95136	0.973975	2.63236	2.73472	0.913912
557.1052471276043	0.375976	0.00135175	1266267.	0.914152	0.951886	0.974	2.61987	2.72148
0.914152	558.1052471276043	0.375788	0.00134674	1266659.	0.914392	0.952411	0.974024	2.60745
2.70832	0.914392	559.1052471276043	0.375601	0.00134176	1267049.	0.914631	0.952933	0.974048
2.59509	2.69523	0.914631	560.1052471276043	0.375415	0.0013368	1267438.	0.914869	0.953454
0.974072	2.5828	2.68221	0.914869	561.1052471276043	0.375229	0.00133186	1267826.	0.915107
0.953974	0.974096	2.57058	2.66926	0.915107	562.1052471276043	0.375044	0.00132694	1268212.
0.915344	0.954492	0.97412	2.55842	2.65639	0.915344	563.1052471276043	0.37486	0.00132204
1268597.	0.91558	0.955008	0.974144	2.54633	2.64359	0.91558	564.1052471276043	0.374676
0.00131717	1268980.	0.915816	0.955522	0.974168	2.53431	2.63086	0.915816	565.1052471276043
0.374493	0.00131232	1269362.	0.916051	0.956035	0.974192	2.52235	2.6182	0.916051
566.1052471276043	0.374311	0.00130749	1269743.	0.916285	0.956546	0.974215	2.51046	2.60561
0.916285	567.1052471276043	0.374129	0.00130269	1270122.	0.916518	0.957055	0.974239	2.49863
2.59309	0.916518	568.1052471276043	0.373948	0.00129791	1270500.	0.916751	0.957563	0.974262
2.48687	2.58064	0.916751	569.1052471276043	0.373768	0.00129315	1270876.	0.916983	0.958069
0.974285	2.47516	2.56825	0.916983	570.1052471276043	0.373588	0.00128841	1271251.	0.917214
0.958574	0.974309	2.46353	2.55594	0.917214	571.1052471276043	0.373409	0.00128369	1271625.
0.917445	0.959077	0.974332	2.45195	2.5437	0.917445	572.1052471276043	0.373231	0.00127899
1271997.	0.917675	0.959578	0.974355	2.44044	2.53152	0.917675	573.1052471276043	0.373053
0.00127432	1272368.	0.917904	0.960078	0.974378	2.42899	2.51941	0.917904	574.1052471276043
0.372876	0.00126966	1272737.	0.918133	0.960576	0.974401	2.4176	2.50736	0.918133
575.1052471276043	0.3727	0.00126503	1273105.	0.918361	0.961073	0.974423	2.40627	2.49539
0.918361	576.1052471276043	0.372524	0.00126042	1273472.	0.918588	0.961568	0.974446	2.395
2.48348	0.918588	577.1052471276043	0.372349	0.00125583	1273838.	0.918815	0.962061	0.974469
2.3838	2.47163	0.918815	578.1052471276043	0.372174	0.00125126	1274202.	0.919041	0.962553
0.974491	2.37265	2.45985	0.919041	579.1052471276043	0.372	0.00124671	1274565.	0.919266
0.963044	0.974513	2.36157	2.44813	0.919266	580.1052471276043	0.371827	0.00124218	1274926.
0.919491	0.963532	0.974536	2.35054	2.43648	0.919491	581.1052471276043	0.371654	0.00123767
1275287.	0.919715	0.964019	0.974558	2.33957	2.42489	0.919715	582.1052471276043	0.371482
0.00123318	1275645.	0.919938	0.964505	0.97458	2.32866	2.41336	0.919938	583.1052471276043
0.371311	0.00122871	1276003.	0.920161	0.964989	0.974602	2.31781	2.4019	0.920161
584.1052471276043	0.37114	0.00122427	1276359.	0.920383	0.965472	0.974624	2.30701	2.3905
0.920383	585.1052471276043	0.37097	0.00121984	1276714.	0.920605	0.965953	0.974646	2.29628
2.37916	0.920605	586.1052471276043	0.370801	0.00121543	1277068.	0.920825	0.966432	0.974668
2.2856	2.36788	0.920825	587.1052471276043	0.370632	0.00121104	1277421.	0.921045	0.96691
0.97469	2.27498	2.35667	0.921045	588.1052471276043	0.370463	0.00120667	1277772.	0.921265
0.967387	0.974711	2.26441	2.34551	0.921265	589.1052471276043	0.370296	0.00120232	1278122.
0.921484	0.967862	0.974733	2.2539	2.33442	0.921484	590.1052471276043	0.370129	0.00119799
1278470.	0.921702	0.968335	0.974754	2.24345	2.32339	0.921702	591.1052471276043	0.369962
0.00119368	1278818.	0.921919	0.968807	0.974776	2.23305	2.31241	0.921919	592.1052471276043
0.369796	0.00118939	1279164.	0.922136	0.969278	0.974797	2.2227	2.3015	0.922136
593.1052471276043	0.369631	0.00118512	1279509.	0.922353	0.969747	0.974818	2.21241	2.29064
0.922353	594.1052471276043	0.369466	0.00118086	1279853.	0.922568	0.970214	0.97484	2.20218
2.27984	0.922568	595.1052471276043	0.369302	0.00117663	1280195.	0.922783	0.97068	0.974861
2.192	2.26911	0.922783	596.1052471276043	0.369138	0.00117241	1280536.	0.922998	0.971145
0.974882	2.18187	2.25842	0.922998	597.1052471276043	0.368975	0.00116821	1280876.	0.923211
0.971608	0.974903	2.1718	2.2478	0.923211	598.1052471276043	0.368813	0.00116403	1281215.
0.923424	0.97207	0.974924	2.16177	2.23723	0.923424	599.1052471276043	0.368651	0.00115987
1281552.	0.923637	0.97253	0.974944	2.15181	2.22672	0.923637	600.1052471276043	0.36849
0.00115573	1281889.	0.923849	0.972989	0.974965	2.14189	2.21627	0.923849	601.1052471276043
0.368329	0.00115161	1282224.	0.92406	0.973446	0.974986	2.13203	2.20587	0.92406
602.1052471276043	0.368169	0.0011475	1282558.	0.924271	0.973902	0.975006	2.12221	2.19553
0.924271	603.1052471276043	0.368009	0.00114341	1282891.	0.924481	0.974356	0.975027	2.11245
2.18524	0.924481	604.1052471276043	0.36785	0.00113934	1283222.	0.92469	0.974809	0.975047
2.10274	2.17501	0.92469	605.1052471276043	0.367692	0.00113529	1283553.	0.924899	0.975261
0.975067	2.09308	2.16484	0.924899	606.1052471276043	0.367534	0.00113125	1283882.	0.925107
0.975711	0.975088	2.08347	2.15471	0.925107	607.1052471276043	0.367377	0.00112724	1284210.
0.925315	0.97616	0.975108	2.07391	2.14465	0.925315	608.1052471276043	0.36722	0.00112324
1284537.	0.925522	0.976607	0.975128	2.0644	2.13463	0.925522	609.1052471276043	0.367064
0.00111925	1284863.	0.925728	0.977053	0.975148	2.05494	2.12467	0.925728	610.1052471276043
0.366908	0.00111529	1285187.	0.925934	0.977498	0.975168	2.04553	2.11476	0.925934
611.1052471276043	0.366753	0.00111134	1285511.	0.926139	0.977941	0.975188	2.03617	2.1049
0.926139	612.1052471276043	0.366599	0.00110741	1285833.	0.926344	0.978382	0.975207	2.02686
2.0951	0.926344	613.1052471276043	0.366445	0.0011035	1286154.	0.926548	0.978823	0.975227
2.01759	2.08535	0.926548	614.1052471276043	0.366291	0.0010996	1286474.	0.926751	0.979262
0.975247	2.00838	2.07565	0.926751	615.1052471276043	0.366138	0.00109572	1286793.	0.926954
0.9797	0.975266	1.99921	2.066	0.926954	616.1052471276043	0.365986	0.00109186	1287111.
0.927156	0.980136	0.975286	1.99009	2.0564	0.927156	617.1052471276043	0.365834	0.00108801
1287427.	0.927358	0.980571	0.975305	1.98101	2.04685	0.927358	618.1052471276043	0.365683
0.00108418	1287743.	0.927559	0.981004	0.975325	1.97198	2.03736	0.927559	619.1052471276043
0.365532	0.00108037	1288057.	0.927759	0.981437	0.975344	1.963	2.02791	0.927759
620.1052471276043	0.365382	0.00107657	1288371.	0.927959	0.981867	0.975363	1.95407	2.01851
0.927959	621.1052471276043	0.365232	0.00107279	1288683.	0.928159	0.982297	0.975382	1.94518
2.00917	0.928159	622.1052471276043	0.365083	0.00106902	1288994.	0.928357	0.982725	0.975401
1.93634	1.99987	0.928357	623.1052471276043	0.364934	0.00106528	1289304.	0.928556	0.983152
0.97542	1.92754	1.99062	0.928556	624.1052471276043	0.364786	0.00106154	1289613.	0.928753
0.983578	0.975439	1.91879	1.98142	0.928753	625.1052471276043	0.364638	0.00105783	1289921.
0.92895	0.984002	0.975458	1.91008	1.97226	0.92895	626.1052471276043	0.364491	0.00105413
1290228.	0.929147	0.984425	0.975477	1.90142	1.96316	0.929147	627.1052471276043	0.364344
0.00105044	1290533.	0.929343	0.984846	0.975495	1.8928	1.9541	0.929343	628.1052471276043
0.364198	0.00104677	1290838.	0.929538	0.985267	0.975514	1.88422	1.94509	0.929538
629.1052471276043	0.364053	0.00104312	1291141.	0.929733	0.985686	0.975533	1.87569	1.93613
0.929733	630.1052471276043	0.363907	0.00103948	1291444.	0.929927	0.986103	0.975551	1.8672
1.92721	0.929927	630.4089259147831	0.363863	0.00103838	1291536.	0.929986	0.98623	0.975557
1.86464	1.92451	0.929986	631.4089259147831	0.363719	0.00103476	1291837.	0.930179	0.986646
0.975575	1.8562	1.91566	0.930179	632.4089259147831	0.363575	0.00103116	1292137.	0.930372
0.98706	0.975594	1.84782	1.90685	0.930372	633.4089259147831	0.363432	0.00102757	1292436.
0.930564	0.987474	0.975612	1.83947	1.89809	0.930564	634.4089259147831	0.363289	0.001024
1292734.	0.930756	0.987886	0.97563	1.83117	1.88937	0.930756	635.4089259147831	0.363146
0.00102044	1293031.	0.930947	0.988297	0.975648	1.82291	1.8807	0.930947	636.4089259147831
0.363004	0.0010169	1293327.	0.931138	0.988706	0.975666	1.81469	1.87207	0.931138
637.4089259147831	0.362863	0.00101337	1293622.	0.931328	0.989115	0.975684	1.80651	1.86349
0.931328	638.4089259147831	0.362722	0.00100986	1293916.	0.931518	0.989522	0.975702	1.79838
1.85495	0.931518	639.4089259147831	0.362581	0.00100636	1294208.	0.931707	0.989928	0.97572
1.79028	1.84645	0.931707	640.4089259147831	0.362441	0.00100287	1294500.	0.931895	0.990332
0.975738	1.78223	1.838	0.931895	641.4089259147831	0.362302	0.000999406	1294791.	0.932083
0.990736	0.975756	1.77422	1.8296	0.932083	642.4089259147831	0.362162	0.000995952	1295081.
0.932271	0.991138	0.975774	1.76625	1.82123	0.932271	643.4089259147831	0.362024	0.000992512
1295370.	0.932457	0.991538	0.975791	1.75832	1.81291	0.932457	644.4089259147831	0.361886
0.000989087	1295658.	0.932644	0.991938	0.975809	1.75042	1.80464	0.932644	645.4089259147831
0.361748	0.000985676	1295945.	0.932829	0.992336	0.975826	1.74257	1.7964	0.932829
646.4089259147831	0.361611	0.000982279	1296230.	0.933015	0.992734	0.975844	1.73476	1.78821
0.933015	647.4089259147831	0.361474	0.000978896	1296515.	0.933199	0.993129	0.975861	1.72699
1.78006	0.933199	648.4089259147831	0.361338	0.000975528	1296799.	0.933384	0.993524	0.975878
1.71925	1.77195	0.933384	649.4089259147831	0.361202	0.000972173	1297082.	0.933567	0.993918
0.975896	1.71156	1.76388	0.933567	650.4089259147831	0.361067	0.000968832	1297364.	0.93375
0.99431	0.975913	1.7039	1.75586	0.93375	651.4089259147831	0.360932	0.000965505	1297645.
0.933933	0.994701	0.97593	1.69628	1.74788	0.933933	652.4089259147831	0.360798	0.000962192
1297925.	0.934115	0.995091	0.975947	1.6887	1.73993	0.934115	653.4089259147831	0.360664
0.000958893	1298204.	0.934297	0.99548	0.975964	1.68116	1.73203	0.934297	654.4089259147831
0.36053	0.000955607	1298482.	0.934478	0.995867	0.975981	1.67366	1.72417	0.934478
655.4089259147831	0.360397	0.000952335	1298759.	0.934658	0.996253	0.975998	1.66619	1.71635
0.934658	656.4089259147831	0.360265	0.000949076	1299035.	0.934838	0.996638	0.976015	1.65876
1.70856	0.934838	657.4089259147831	0.360133	0.000945831	1299311.	0.935018	0.997022	0.976032
1.65137	1.70082	0.935018	658.4089259147831	0.360001	0.000942599	1299585.	0.935197	0.997405
0.976048	1.64402	1.69312	0.935197	659.4089259147831	0.35987	0.00093938	1299858.	0.935375
0.997787	0.976065	1.6367	1.68545	0.935375	660.4089259147831	0.359739	0.000936175	1300131.
0.935553	0.998167	0.976082	1.62941	1.67783	0.935553	661.4089259147831	0.359609	0.000932983
1300402.	0.93573	0.998546	0.976098	1.62217	1.67024	0.93573	662.4089259147831	0.359479
0.000929804	1300673.	0.935907	0.998925	0.976115	1.61496	1.6627	0.935907	663.4089259147831
0.359349	0.000926637	1300943.	0.936084	0.999302	0.976131	1.60778	1.65519	0.936084