t	Ns	Ni	Dead_pi_0.0062	A	LogRS	Rt	DiscHealthCost	DiscTotalCost
0.	0.999922	0.0000526735	51.0905	0.997875	1.12715	3.0866	0.182333	0.182611
1.	0.999895	0.0000709423	68.9142	0.997149	1.12569	3.08202	0.245088	0.245588
2.	0.999859	0.0000954763	92.9126	0.996178	1.12374	3.07592	0.329197	0.330094
3.	0.99981	0.000128366	125.195	0.994886	1.12115	3.06779	0.441726	0.443331
4.	0.999745	0.000172355	168.569	0.993172	1.1177	3.05703	0.59193	0.594787
5.	0.999657	0.000231007	226.754	0.99091	1.11314	3.04285	0.791799	0.796862
6.	0.999541	0.0003089	304.648	0.987943	1.10714	3.02431	1.0567	1.0656
7.	0.999387	0.000411811	408.651	0.984085	1.09932	3.00027	1.40596	1.42149
8.	0.999184	0.000546869	547.031	0.979122	1.0892	2.96948	1.86339	1.89014
9.	0.998918	0.000722627	730.335	0.972822	1.07629	2.93061	2.45741	2.50285
10.	0.998573	0.000948966	971.794	0.964954	1.06005	2.88241	3.22075	3.29655
11.	0.99813	0.00123675	1287.66	0.955322	1.03999	2.82389	4.18919	4.31294
12.	0.997568	0.00159715	1697.42	0.943793	1.0157	2.75459	5.39931	5.59632
13.	0.996866	0.0020407	2223.72	0.930342	0.986995	2.67475	6.88518	7.18996
14.	0.996002	0.00257607	2892.04	0.915075	0.953903	2.58544	8.67436	9.13128
15.	0.994957	0.00320884	3729.94	0.898234	0.916753	2.48854	10.7838	11.4463
16.	0.993716	0.00394052	4766.05	0.880178	0.87614	2.38652	13.2166	14.1451
17.	0.992267	0.00476806	6028.78	0.861337	0.832862	2.28211	15.9607	17.2185
18.	0.990606	0.00568392	7544.99	0.84216	0.787831	2.17797	18.9889	20.6382
19.	0.988731	0.00667671	9338.75	0.823069	0.741972	2.07641	22.2617	24.359
20.	0.986647	0.00773222	11430.4	0.804424	0.696145	1.97922	25.7302	28.3231
21.	0.984362	0.00883456	13835.9	0.786505	0.651088	1.88764	29.3405	32.4654
22.	0.981886	0.0099673	16566.5	0.769507	0.607392	1.80239	33.0372	36.7184
23.	0.979233	0.0111144	19628.6	0.753556	0.565498	1.72377	36.7668	41.0167
24.	0.976417	0.0122609	23024.2	0.738713	0.525711	1.65177	40.4796	45.2997
25.	0.973452	0.0133935	26751.2	0.724995	0.488222	1.58616	44.1315	49.5141
26.	0.970352	0.0145004	30803.7	0.712384	0.453126	1.52658	47.6849	53.6141
27.	0.967132	0.0155722	35172.9	0.700839	0.420449	1.4726	51.1083	57.5623
28.	0.963805	0.0166008	39847.4	0.690306	0.39016	1.42375	54.377	61.3293
29.	0.960383	0.0175803	44813.7	0.68072	0.362195	1.37957	57.4718	64.8927
30.	0.956879	0.0185061	50056.9	0.672018	0.336461	1.33962	60.3792	68.2369
31.	0.953303	0.0193752	55560.8	0.664131	0.312852	1.30347	63.0901	71.3515
32.	0.949667	0.0201856	61308.7	0.656997	0.291251	1.27075	65.5995	74.2312
33.	0.945978	0.0209365	67283.5	0.650553	0.271538	1.2411	67.9058	76.8747
34.	0.942245	0.0216279	73467.7	0.644742	0.253593	1.21422	70.0101	79.2837
35.	0.938477	0.0222606	79844.2	0.639511	0.237298	1.18982	71.916	81.4628
36.	0.93468	0.0228357	86396.2	0.634809	0.22254	1.16764	73.6287	83.4184
37.	0.930861	0.023355	93107.	0.630592	0.209209	1.14747	75.1546	85.1585
38.	0.927025	0.0238205	99960.9	0.626818	0.197203	1.12911	76.5015	86.6922
39.	0.923178	0.0242345	106942.	0.623449	0.186425	1.11237	77.6777	88.0296
40.	0.919324	0.0245994	114037.	0.620451	0.176783	1.0971	78.6919	89.1809
41.	0.915468	0.0249178	121231.	0.617792	0.168194	1.08315	79.5533	90.1569
42.	0.911614	0.0251922	128511.	0.615443	0.160576	1.07041	80.2711	90.9684
43.	0.907765	0.0254254	135864.	0.613379	0.153858	1.05875	80.8544	91.626
44.	0.903924	0.0256199	143280.	0.611576	0.147971	1.04808	81.3122	92.1402
45.	0.900094	0.0257782	150747.	0.610013	0.142851	1.03831	81.6535	92.5212
46.	0.896277	0.0259028	158255.	0.608669	0.13844	1.02936	81.8866	92.779
47.	0.892476	0.0259962	165794.	0.607526	0.134683	1.02115	82.0199	92.9229
48.	0.888693	0.0260607	173356.	0.606569	0.13153	1.01362	82.0612	92.962
49.	0.88493	0.0260984	180933.	0.605783	0.128935	1.00671	82.0179	92.905
50.	0.881187	0.0261114	188518.	0.605153	0.126855	1.00037	81.8971	92.7597
51.	0.877467	0.0261018	196103.	0.604667	0.125249	0.994548	81.7056	92.5341
52.	0.873771	0.0260713	203682.	0.604314	0.124081	0.989202	81.4495	92.2352
53.	0.870099	0.0260219	211249.	0.604084	0.123317	0.984293	81.1349	91.8698
54.	0.866453	0.0259551	218799.	0.603965	0.122926	0.979785	80.7671	91.4441
55.	0.862833	0.0258725	226328.	0.603951	0.122878	0.975645	80.3514	90.9641
56.	0.859241	0.0257755	233831.	0.604032	0.123146	0.971844	79.8925	90.4352
57.	0.855676	0.0256656	241303.	0.604201	0.123705	0.968354	79.3949	89.8624
58.	0.85214	0.0255439	248742.	0.604451	0.124533	0.965151	78.8628	89.2504
59.	0.848633	0.0254116	256144.	0.604776	0.125608	0.962212	78.2998	88.6037
60.	0.845154	0.0252699	263506.	0.60517	0.12691	0.959516	77.7096	87.9261
61.	0.841705	0.0251196	270826.	0.605627	0.128421	0.957045	77.0954	87.2215
62.	0.838285	0.0249619	278100.	0.606143	0.130124	0.954782	76.4602	86.4931
63.	0.834896	0.0247974	285328.	0.606713	0.132003	0.952709	75.8068	85.7441
64.	0.831535	0.0246271	292508.	0.607332	0.134044	0.950813	75.1377	84.9775
65.	0.828205	0.0244516	299637.	0.607997	0.136233	0.949081	74.4552	84.1958
66.	0.824905	0.0242716	306714.	0.608704	0.138557	0.947499	73.7614	83.4014
67.	0.821635	0.0240877	313739.	0.60945	0.141006	0.946056	73.0584	82.5966
68.	0.818394	0.0239005	320710.	0.610232	0.143569	0.944743	72.3478	81.7833
69.	0.815183	0.0237105	327626.	0.611046	0.146234	0.943548	71.6313	80.9634
70.	0.812002	0.0235182	334486.	0.611889	0.148995	0.942464	70.9103	80.1386
71.	0.80885	0.023324	341290.	0.612761	0.151841	0.941482	70.1863	79.3104
72.	0.805728	0.0231284	348038.	0.613657	0.154765	0.940594	69.4603	78.4802
73.	0.802635	0.0229316	354728.	0.614577	0.15776	0.939793	68.7336	77.6492
74.	0.79957	0.022734	361362.	0.615518	0.160819	0.939073	68.0071	76.8185
75.	0.796535	0.0225359	367937.	0.616477	0.163935	0.938428	67.2818	75.9892
76.	0.793528	0.0223377	374456.	0.617455	0.167103	0.937852	66.5583	75.1622
77.	0.790549	0.0221394	380916.	0.618448	0.170318	0.93734	65.8376	74.3383
78.	0.787599	0.0219414	387319.	0.619456	0.173575	0.936888	65.1201	73.5182
79.	0.784676	0.0217438	393665.	0.620477	0.176868	0.93649	64.4066	72.7027
80.	0.781781	0.0215469	399953.	0.621509	0.180194	0.936143	63.6975	71.8924
81.	0.778913	0.0213507	406184.	0.622553	0.183549	0.935843	62.9933	71.0876
82.	0.776072	0.0211555	412359.	0.623606	0.186928	0.935586	62.2944	70.289
83.	0.773258	0.0209614	418476.	0.624667	0.19033	0.93537	61.6012	69.4969
84.	0.77047	0.0207685	424538.	0.625736	0.19375	0.93519	60.9139	68.7117
85.	0.767708	0.0205769	430543.	0.626812	0.197185	0.935045	60.233	67.9337
86.	0.764972	0.0203867	436494.	0.627894	0.200634	0.934932	59.5586	67.1632
87.	0.762262	0.0201979	442389.	0.628981	0.204093	0.934848	58.8908	66.4004
88.	0.759577	0.0200107	448229.	0.630072	0.20756	0.934791	58.23	65.6455
89.	0.756918	0.0198251	454016.	0.631167	0.211034	0.934759	57.5763	64.8987
90.	0.754283	0.0196412	459749.	0.632266	0.214511	0.934749	56.9297	64.1601
91.	0.751672	0.019459	465428.	0.633367	0.217992	0.934762	56.2904	63.4298
92.	0.749086	0.0192785	471055.	0.63447	0.221472	0.934793	55.6584	62.708
93.	0.746523	0.0190998	476630.	0.635575	0.224952	0.934843	55.0339	61.9947
94.	0.743984	0.0189229	482153.	0.636681	0.22843	0.93491	54.4168	61.2899
95.	0.741468	0.0187479	487625.	0.637788	0.231905	0.934991	53.8072	60.5937
96.	0.738976	0.0185747	493046.	0.638896	0.235375	0.935087	53.2051	59.9061
97.	0.736506	0.0184034	498417.	0.640003	0.238839	0.935195	52.6105	59.2271
98.	0.734058	0.018234	503739.	0.641111	0.242296	0.935316	52.0234	58.5567
99.	0.731633	0.0180664	509012.	0.642218	0.245746	0.935447	51.4438	57.8949
100.	0.729229	0.0179008	514236.	0.643323	0.249187	0.935588	50.8716	57.2416
101.	0.726848	0.017737	519413.	0.644428	0.252619	0.935738	50.3069	56.5967
102.	0.724487	0.0175751	524542.	0.645532	0.25604	0.935896	49.7495	55.9604
103.	0.722148	0.0174151	529625.	0.646634	0.259452	0.936062	49.1994	55.3323
104.	0.71983	0.017257	534661.	0.647734	0.262852	0.936235	48.6566	54.7127
105.	0.717532	0.0171007	539652.	0.648832	0.26624	0.936413	48.121	54.1012
106.	0.715254	0.0169463	544597.	0.649928	0.269616	0.936598	47.5925	53.4979
107.	0.712997	0.0167937	549498.	0.651022	0.272979	0.936787	47.0711	52.9027
108.	0.710759	0.016643	554355.	0.652114	0.27633	0.936981	46.5566	52.3156
109.	0.708541	0.016494	559168.	0.653203	0.279666	0.937179	46.0491	51.7363
110.	0.706343	0.0163469	563939.	0.654289	0.28299	0.937381	45.5484	51.1649
111.	0.704163	0.0162016	568666.	0.655372	0.286299	0.937586	45.0544	50.6012
112.	0.702002	0.016058	573352.	0.656453	0.289593	0.937794	44.5672	50.0451
113.	0.69986	0.0159162	577997.	0.65753	0.292873	0.938004	44.0865	49.4966
114.	0.697737	0.0157761	582600.	0.658605	0.296139	0.938217	43.6123	48.9556
115.	0.695631	0.0156377	587163.	0.659676	0.29939	0.938431	43.1445	48.4219
116.	0.693544	0.015501	591686.	0.660744	0.302625	0.938647	42.6831	47.8954
117.	0.691474	0.0153659	596170.	0.661809	0.305845	0.938864	42.2279	47.3761
118.	0.689422	0.0152326	600615.	0.66287	0.30905	0.939083	41.7789	46.8639
119.	0.687387	0.0151008	605021.	0.663928	0.31224	0.939302	41.3359	46.3586
120.	0.685369	0.0149707	609389.	0.664983	0.315414	0.939522	40.8989	45.8602
121.	0.683368	0.0148421	613719.	0.666034	0.318572	0.939743	40.4678	45.3686
122.	0.681384	0.0147151	618013.	0.667081	0.321715	0.939964	40.0425	44.8836
123.	0.679416	0.0145897	622269.	0.668125	0.324843	0.940185	39.623	44.4051
124.	0.677465	0.0144658	626490.	0.669165	0.327954	0.940406	39.209	43.9331
125.	0.67553	0.0143434	630674.	0.670202	0.33105	0.940627	38.8006	43.4675
126.	0.67361	0.0142225	634824.	0.671235	0.334131	0.940848	38.3977	43.0081
127.	0.671706	0.014103	638938.	0.672264	0.337195	0.941069	38.0002	42.555
128.	0.669818	0.013985	643018.	0.67329	0.340244	0.941289	37.6079	42.1078
129.	0.667945	0.0138684	647064.	0.674312	0.343277	0.941508	37.2209	41.6667
130.	0.666087	0.0137532	651076.	0.67533	0.346295	0.941727	36.839	41.2315
131.	0.664244	0.0136394	655055.	0.676345	0.349297	0.941946	36.4622	40.8021
132.	0.662416	0.013527	659001.	0.677355	0.352284	0.942163	36.0904	40.3784
133.	0.660603	0.0134159	662915.	0.678362	0.355255	0.94238	35.7234	39.9603
134.	0.658804	0.0133061	666796.	0.679366	0.358211	0.942595	35.3613	39.5477
135.	0.65702	0.0131976	670646.	0.680365	0.361151	0.94281	35.0039	39.1406
136.	0.655249	0.0130905	674465.	0.681361	0.364076	0.943024	34.6512	38.7388
137.	0.653492	0.0129845	678252.	0.682353	0.366986	0.943236	34.3031	38.3423
138.	0.65175	0.0128799	682009.	0.683341	0.369881	0.943448	33.9595	37.951
139.	0.650021	0.0127764	685736.	0.684326	0.37276	0.943658	33.6204	37.5648
140.	0.648305	0.0126742	689433.	0.685307	0.375625	0.943867	33.2856	37.1836
141.	0.646603	0.0125732	693100.	0.686284	0.378474	0.944075	32.9552	36.8074
142.	0.644913	0.0124733	696738.	0.687257	0.381309	0.944282	32.629	36.4361
143.	0.643237	0.0123746	700348.	0.688227	0.384129	0.944488	32.307	36.0696
144.	0.641574	0.012277	703928.	0.689193	0.386934	0.944692	31.9891	35.7077
145.	0.639924	0.0121806	707481.	0.690155	0.389725	0.944895	31.6753	35.3506
146.	0.638286	0.0120852	711006.	0.691114	0.392501	0.945097	31.3654	34.998
147.	0.63666	0.011991	714503.	0.692069	0.395263	0.945297	31.0595	34.6498
148.	0.635047	0.0118978	717973.	0.69302	0.398011	0.945496	30.7574	34.3062
149.	0.633446	0.0118057	721416.	0.693968	0.400744	0.945693	30.4592	33.9669
150.	0.631857	0.0117146	724833.	0.694912	0.403463	0.94589	30.1646	33.6319
151.	0.63028	0.0116246	728223.	0.695853	0.406168	0.946084	29.8738	33.3011
152.	0.628715	0.0115356	731587.	0.69679	0.408859	0.946278	29.5866	32.9744
153.	0.627161	0.0114475	734925.	0.697723	0.411536	0.94647	29.3029	32.6519
154.	0.625619	0.0113605	738238.	0.698653	0.414199	0.946661	29.0228	32.3334
155.	0.624088	0.0112744	741526.	0.699579	0.416849	0.94685	28.7461	32.0189
156.	0.622569	0.0111893	744789.	0.700502	0.419485	0.947038	28.4728	31.7082
157.	0.621061	0.0111051	748028.	0.701421	0.422108	0.947225	28.2029	31.4014
158.	0.619564	0.0110218	751242.	0.702337	0.424717	0.94741	27.9363	31.0984
159.	0.618077	0.0109394	754432.	0.703249	0.427313	0.947594	27.6729	30.7992
160.	0.616602	0.010858	757598.	0.704157	0.429896	0.947777	27.4127	30.5036
161.	0.615137	0.0107774	760741.	0.705063	0.432465	0.947958	27.1557	30.2116
162.	0.613683	0.0106977	763860.	0.705965	0.435022	0.948138	26.9018	29.9232
163.	0.612239	0.0106189	766956.	0.706863	0.437565	0.948316	26.651	29.6383
164.	0.610805	0.0105409	770030.	0.707758	0.440096	0.948493	26.4031	29.3569
165.	0.609382	0.0104638	773081.	0.70865	0.442614	0.948669	26.1582	29.0788
166.	0.607969	0.0103875	776110.	0.709538	0.44512	0.948844	25.9163	28.8041
167.	0.606566	0.010312	779117.	0.710423	0.447613	0.949017	25.6772	28.5327
168.	0.605173	0.0102372	782101.	0.711305	0.450093	0.949189	25.4409	28.2645
169.	0.60379	0.0101633	785065.	0.712183	0.452561	0.949359	25.2074	27.9996
170.	0.602416	0.0100902	788007.	0.713058	0.455017	0.949529	24.9767	27.7378
171.	0.601052	0.0100178	790927.	0.71393	0.45746	0.949697	24.7487	27.4791
172.	0.599698	0.00994621	793827.	0.714798	0.459892	0.949863	24.5234	27.2235
173.	0.598353	0.00987535	796707.	0.715663	0.462311	0.950029	24.3007	26.9709
174.	0.597018	0.00980522	799565.	0.716525	0.464719	0.950193	24.0805	26.7212
175.	0.595691	0.00973581	802404.	0.717384	0.467114	0.950356	23.863	26.4745
176.	0.594374	0.00966712	805222.	0.71824	0.469498	0.950518	23.6479	26.2307
177.	0.593066	0.00959913	808021.	0.719092	0.47187	0.950678	23.4353	25.9897
178.	0.591767	0.00953185	810800.	0.719941	0.474231	0.950837	23.2252	25.7515
179.	0.590476	0.00946524	813559.	0.720787	0.47658	0.950995	23.0175	25.5161
180.	0.589195	0.00939932	816299.	0.72163	0.478917	0.951152	22.8121	25.2834
181.	0.587922	0.00933406	819020.	0.72247	0.481244	0.951308	22.6091	25.0533
182.	0.586658	0.00926946	821723.	0.723307	0.483559	0.951462	22.4084	24.826
183.	0.585402	0.00920551	824406.	0.724141	0.485863	0.951616	22.2099	24.6012
184.	0.584155	0.0091422	827071.	0.724971	0.488155	0.951768	22.0137	24.379
185.	0.582916	0.00907952	829718.	0.725799	0.490437	0.951919	21.8197	24.1593
186.	0.581685	0.00901746	832347.	0.726623	0.492708	0.952069	21.6278	23.9421
187.	0.580463	0.00895603	834958.	0.727445	0.494968	0.952218	21.4382	23.7274
188.	0.579249	0.00889519	837551.	0.728263	0.497217	0.952365	21.2506	23.515
189.	0.578042	0.00883496	840126.	0.729079	0.499455	0.952512	21.0651	23.3051
190.	0.576844	0.00877532	842684.	0.729891	0.501683	0.952657	20.8817	23.0976
191.	0.575654	0.00871626	845225.	0.730701	0.5039	0.952802	20.7002	22.8923
192.	0.574471	0.00865778	847749.	0.731508	0.506107	0.952945	20.5208	22.6894
193.	0.573297	0.00859986	850255.	0.732311	0.508303	0.953087	20.3434	22.4887
194.	0.57213	0.0085425	852745.	0.733112	0.510489	0.953229	20.1679	22.2902
195.	0.57097	0.0084857	855219.	0.73391	0.512665	0.953369	19.9943	22.094
196.	0.569818	0.00842944	857676.	0.734705	0.514831	0.953508	19.8226	21.8998
197.	0.568674	0.00837373	860117.	0.735498	0.516986	0.953646	19.6528	21.7079
198.	0.567536	0.00831854	862541.	0.736287	0.519132	0.953783	19.4848	21.518
199.	0.566407	0.00826388	864950.	0.737074	0.521267	0.95392	19.3186	21.3302
200.	0.565284	0.00820974	867343.	0.737857	0.523392	0.954055	19.1542	21.1445
201.	0.564169	0.00815611	869720.	0.738638	0.525508	0.954189	18.9916	20.9608
202.	0.563061	0.00810298	872082.	0.739416	0.527614	0.954322	18.8307	20.7791
203.	0.561959	0.00805035	874428.	0.740192	0.52971	0.954454	18.6715	20.5993
204.	0.560865	0.00799822	876759.	0.740964	0.531797	0.954586	18.5141	20.4215
205.	0.559778	0.00794657	879075.	0.741734	0.533874	0.954716	18.3583	20.2456
206.	0.558698	0.0078954	881377.	0.742501	0.535941	0.954845	18.2041	20.0716
207.	0.557624	0.00784471	883663.	0.743266	0.537999	0.954974	18.0516	19.8995
208.	0.556557	0.00779448	885935.	0.744028	0.540048	0.955101	17.9007	19.7292
209.	0.555497	0.00774472	888192.	0.744787	0.542087	0.955228	17.7513	19.5607
210.	0.554443	0.00769541	890435.	0.745543	0.949582	1.43303	17.6035	19.394
211.	0.552819	0.00818576	892741.	0.746297	0.951603	1.43172	18.6883	20.46
212.	0.551093	0.00870555	895194.	0.747048	0.953615	1.43013	19.8359	21.5887
213.	0.54926	0.00925603	897802.	0.747796	0.955617	1.42823	21.0486	22.7825
214.	0.547314	0.00983842	900575.	0.748542	0.957611	1.42601	22.3289	24.0439
215.	0.54525	0.0104539	903522.	0.749285	0.959596	1.42345	23.679	25.375
216.	0.54306	0.0111035	906652.	0.750026	0.961572	1.42054	25.1009	26.7779
217.	0.540741	0.0117883	909976.	0.750764	0.963539	1.41726	26.5965	28.2544
218.	0.538285	0.0125092	913505.	0.751499	0.965497	1.41359	28.1672	29.8059
219.	0.535687	0.0132667	917248.	0.752232	0.967446	1.40951	29.8141	31.4335
220.	0.53294	0.0140615	921217.	0.752962	0.969387	1.40501	31.538	33.138
221.	0.53004	0.0148939	925422.	0.75369	0.971319	1.40006	33.3391	34.9196
222.	0.526981	0.0157639	929874.	0.754415	0.973243	1.39466	35.217	36.7779
223.	0.523757	0.0166714	934585.	0.755138	0.975158	1.38879	37.1708	38.7119
224.	0.520364	0.0176156	939564.	0.755859	0.977065	1.38242	39.1987	40.7198
225.	0.516798	0.0185957	944823.	0.756576	0.978964	1.37556	41.2982	42.7993
226.	0.513055	0.0196104	950372.	0.757292	0.980854	1.36818	43.4659	44.9467
227.	0.509131	0.020658	956221.	0.758005	0.982735	1.36027	45.6975	47.1579
228.	0.505025	0.0217361	962378.	0.758715	0.984609	1.35183	47.9875	49.4274
229.	0.500736	0.022842	968853.	0.759423	0.986474	1.34285	50.3297	51.7489
230.	0.496261	0.0239724	975652.	0.760129	0.988332	1.33333	52.7165	54.1147
231.	0.49405	0.0228412	982450.	0.539627	0.303113	0.668977	78.9107	88.8413
232.	0.491895	0.0218085	988933.	0.546521	0.328502	0.683186	75.1944	84.6792
233.	0.489792	0.0208639	995130.	0.553135	0.352562	0.696831	71.7958	80.8676
234.	0.48774	0.0199984	1001064.	0.559476	0.375357	0.70991	68.6818	77.3707
235.	0.485735	0.0192039	1006756.	0.56555	0.396952	0.722426	65.8232	74.1565
236.	0.483775	0.0184732	1012228.	0.571365	0.417413	0.734385	63.1938	71.1969
237.	0.481858	0.0177999	1017495.	0.576931	0.436801	0.745795	60.7708	68.4668
238.	0.479982	0.0171786	1022575.	0.582256	0.455176	0.756668	58.5339	65.9437
239.	0.478144	0.016604	1027481.	0.587349	0.472597	0.767016	56.4647	63.6079
240.	0.476342	0.0160719	1032227.	0.592221	0.489117	0.776855	54.5473	61.4416
241.	0.474576	0.0155781	1036823.	0.596881	0.504791	0.7862	52.7673	59.4289
242.	0.472842	0.0151192	1041281.	0.601337	0.519668	0.79507	51.1118	57.5557
243.	0.471141	0.0146919	1045611.	0.6056	0.533797	0.803481	49.5694	55.8094
244.	0.469469	0.0142933	1049820.	0.609679	0.547223	0.811452	48.1297	54.1785
245.	0.467826	0.0139211	1053918.	0.613583	0.559989	0.819002	46.7838	52.6529
246.	0.466211	0.0135727	1057911.	0.617321	0.572135	0.826148	45.5232	51.2233
247.	0.464622	0.0132462	1061806.	0.620901	0.5837	0.83291	44.3406	49.8816
248.	0.463059	0.0129397	1065610.	0.624332	0.59472	0.839305	43.2293	48.6202
249.	0.461519	0.0126516	1069327.	0.62762	0.605228	0.84535	42.1834	47.4326
250.	0.460003	0.0123802	1072962.	0.630775	0.615256	0.851065	41.1973	46.3126
251.	0.458508	0.0121243	1076521.	0.633803	0.624834	0.856464	40.2662	45.2547
252.	0.457035	0.0118826	1080008.	0.636712	0.633991	0.861566	39.3857	44.254
253.	0.455583	0.011654	1083427.	0.639507	0.64275	0.866384	38.5517	43.306
254.	0.45415	0.0114374	1086781.	0.642195	0.651139	0.870935	37.7607	42.4065
255.	0.452737	0.0112319	1090073.	0.644781	0.659179	0.875233	37.0093	41.552
256.	0.451341	0.0110367	1093308.	0.647273	0.666893	0.879292	36.2944	40.7389
257.	0.449964	0.010851	1096487.	0.649674	0.674299	0.883125	35.6135	39.9642
258.	0.448603	0.0106742	1099613.	0.651991	0.681418	0.886744	34.9639	39.2251
259.	0.447259	0.0105054	1102690.	0.654227	0.688266	0.890163	34.3434	38.5191
260.	0.445931	0.0103443	1105718.	0.656388	0.69486	0.893391	33.75	37.8437
261.	0.444619	0.0101902	1108701.	0.658477	0.701215	0.896441	33.1816	37.1969
262.	0.443321	0.0100426	1111640.	0.660499	0.707347	0.899322	32.6367	36.5767
263.	0.442038	0.00990116	1114536.	0.662457	0.713267	0.902044	32.1136	35.9813
264.	0.440769	0.00976538	1117393.	0.664355	0.71899	0.904616	31.6108	35.4089
265.	0.439514	0.00963491	1120211.	0.666196	0.724526	0.907048	31.127	34.8582
266.	0.438272	0.00950939	1122992.	0.667984	0.729886	0.909346	30.6609	34.3277
267.	0.437043	0.0093885	1125737.	0.669722	0.735082	0.91152	30.2115	33.8161
268.	0.435827	0.00927195	1128447.	0.671412	0.740121	0.913576	29.7776	33.3222
269.	0.434623	0.00915946	1131124.	0.673056	0.745015	0.915521	29.3584	32.845
270.	0.433431	0.00905079	1133769.	0.674659	0.74977	0.917362	28.9529	32.3834
271.	0.432251	0.00894569	1136383.	0.676221	0.754395	0.919105	28.5603	31.9366
272.	0.431082	0.00884396	1138967.	0.677744	0.758897	0.920756	28.1799	31.5036
273.	0.429924	0.00874539	1141522.	0.679233	0.763284	0.92232	27.8109	31.0836
274.	0.428777	0.0086498	1144049.	0.680686	0.76756	0.923801	27.4527	30.6759
275.	0.427641	0.00855702	1146548.	0.682108	0.771733	0.925206	27.1047	30.2799
276.	0.426515	0.00846689	1149021.	0.6835	0.775809	0.926539	26.7664	29.8949
277.	0.425399	0.00837926	1151468.	0.684862	0.779792	0.927803	26.4371	29.5203
278.	0.424294	0.008294	1153890.	0.686197	0.783687	0.929003	26.1166	29.1556
279.	0.423198	0.00821098	1156287.	0.687506	0.787499	0.930143	25.8042	28.8002
280.	0.422111	0.00813008	1158661.	0.688791	0.791233	0.931226	25.4996	28.4537
281.	0.421035	0.00805119	1161011.	0.690053	0.794892	0.932256	25.2024	28.1156
282.	0.419967	0.00797421	1163339.	0.691292	0.798481	0.933235	24.9122	27.7856
283.	0.418908	0.00789904	1165645.	0.69251	0.802002	0.934166	24.6288	27.4632
284.	0.417859	0.0078256	1167929.	0.693708	0.80546	0.935053	24.3517	27.1482
285.	0.416818	0.0077538	1170192.	0.694888	0.808858	0.935898	24.0807	26.84
286.	0.415785	0.00768356	1172434.	0.696049	0.812197	0.936703	23.8156	26.5386
287.	0.414761	0.00761482	1174656.	0.697193	0.815483	0.93747	23.556	26.2435
288.	0.413745	0.0075475	1176859.	0.698321	0.818715	0.938203	23.3017	25.9545
289.	0.412738	0.00748154	1179042.	0.699434	0.821898	0.938902	23.0526	25.6713
290.	0.411738	0.00741688	1181206.	0.700531	0.825034	0.93957	22.8083	25.3937
291.	0.410747	0.00735346	1183351.	0.701614	0.828125	0.940209	22.5687	25.1214
292.	0.409763	0.00729124	1185478.	0.702684	0.831172	0.940819	22.3337	24.8544
293.	0.408787	0.00723016	1187588.	0.703741	0.834178	0.941404	22.1029	24.5923
294.	0.407818	0.00717018	1189680.	0.704786	0.837145	0.941963	21.8764	24.3349
295.	0.406857	0.00711125	1191754.	0.705819	0.840074	0.9425	21.6538	24.0822
296.	0.405903	0.00705333	1193811.	0.70684	0.842966	0.943014	21.4351	23.8338
297.	0.404957	0.0069964	1195852.	0.707851	0.845824	0.943507	21.2202	23.5898
298.	0.404017	0.0069404	1197877.	0.708851	0.848649	0.943981	21.0089	23.3499
299.	0.403085	0.0068853	1199885.	0.709842	0.851441	0.944436	20.801	23.1139
300.	0.402159	0.00683108	1201877.	0.710823	0.854203	0.944874	20.5965	22.8818
301.	0.401241	0.0067777	1203854.	0.711795	0.856936	0.945295	20.3953	22.6535
302.	0.400329	0.00672513	1205815.	0.712758	0.85964	0.9457	20.1973	22.4288
303.	0.399423	0.00667335	1207762.	0.713712	0.862317	0.946091	20.0023	22.2075
304.	0.398525	0.00662234	1209693.	0.714659	0.864967	0.946467	19.8102	21.9897
305.	0.397633	0.00657206	1211609.	0.715597	0.867592	0.946831	19.6211	21.7752
306.	0.396747	0.00652249	1213512.	0.716528	0.870192	0.947181	19.4347	21.5638
307.	0.395867	0.00647362	1215399.	0.717452	0.872769	0.94752	19.2511	21.3556
308.	0.394994	0.00642542	1217273.	0.718369	0.875323	0.947848	19.0701	21.1504
309.	0.394127	0.00637787	1219133.	0.719279	0.877855	0.948165	18.8917	20.9481
310.	0.393266	0.00633096	1220979.	0.720182	0.880365	0.948472	18.7158	20.7487
311.	0.392412	0.00628466	1222811.	0.721079	0.882854	0.948769	18.5423	20.5522
312.	0.391563	0.00623896	1224630.	0.72197	0.885323	0.949057	18.3712	20.3583
313.	0.39072	0.00619384	1226436.	0.722855	0.887773	0.949337	18.2024	20.1671
314.	0.389883	0.0061493	1228229.	0.723734	0.890204	0.949608	18.0359	19.9784
315.	0.389051	0.0061053	1230009.	0.724607	0.892616	0.949872	17.8715	19.7923
316.	0.388226	0.00606185	1231777.	0.725475	0.89501	0.950128	17.7094	19.6087
317.	0.387406	0.00601892	1233531.	0.726338	0.897387	0.950378	17.5493	19.4274
318.	0.386591	0.00597651	1235274.	0.727195	0.899746	0.95062	17.3913	19.2486
319.	0.385783	0.0059346	1237004.	0.728048	0.90209	0.950857	17.2353	19.072
320.	0.384979	0.00589318	1238722.	0.728895	0.904416	0.951087	17.0813	18.8977
321.	0.384181	0.00585224	1240428.	0.729738	0.906728	0.951312	16.9292	18.7256
322.	0.383388	0.00581177	1242122.	0.730576	0.909023	0.951531	16.779	18.5556
323.	0.382601	0.00577175	1243805.	0.73141	0.911304	0.951745	16.6306	18.3878
324.	0.381819	0.00573219	1245476.	0.732239	0.91357	0.951954	16.4841	18.2221
325.	0.381042	0.00569306	1247136.	0.733064	0.915821	0.952158	16.3393	18.0583
326.	0.38027	0.00565436	1248784.	0.733884	0.918059	0.952358	16.1963	17.8966
327.	0.379503	0.00561609	1250421.	0.7347	0.920282	0.952553	16.0549	17.7368
328.	0.378742	0.00557823	1252047.	0.735513	0.922492	0.952745	15.9153	17.579
329.	0.377985	0.00554077	1253662.	0.736321	0.924689	0.952932	15.7772	17.423
330.	0.377233	0.00550371	1255266.	0.737126	0.926873	0.953116	15.6408	17.2688
331.	0.376486	0.00546704	1256860.	0.737926	0.929044	0.953296	15.506	17.1165
332.	0.375744	0.00543076	1258443.	0.738723	0.931203	0.953473	15.3727	16.966
333.	0.375007	0.00539485	1260015.	0.739516	0.933349	0.953646	15.241	16.8172
334.	0.374274	0.00535931	1261578.	0.740306	0.935483	0.953816	15.1108	16.6701
335.	0.373546	0.00532413	1263129.	0.741091	0.937605	0.953983	14.982	16.5247
336.	0.372823	0.00528931	1264671.	0.741874	0.939715	0.954148	14.8547	16.3809
337.	0.372104	0.00525483	1266203.	0.742653	0.941814	0.954309	14.7288	16.2388
338.	0.37139	0.0052207	1267724.	0.743428	0.943902	0.954468	14.6043	16.0983
339.	0.37068	0.00518691	1269236.	0.744201	0.945978	0.954625	14.4812	15.9594
340.	0.369975	0.00515346	1270738.	0.74497	0.948043	0.954779	14.3594	15.822
341.	0.369275	0.00512033	1272230.	0.745735	0.950098	0.95493	14.239	15.6862
342.	0.368578	0.00508752	1273713.	0.746498	0.952141	0.95508	14.1199	15.5519
343.	0.367886	0.00505503	1275186.	0.747257	0.954175	0.955227	14.002	15.419
344.	0.367199	0.00502285	1276650.	0.748013	0.956197	0.955372	13.8855	15.2876
345.	0.366515	0.00499098	1278105.	0.748766	0.95821	0.955515	13.7702	15.1576
346.	0.365836	0.00495942	1279550.	0.749516	0.960212	0.955656	13.6561	15.0291
347.	0.365161	0.00492815	1280987.	0.750263	0.962205	0.955795	13.5433	14.9019
348.	0.36449	0.00489717	1282414.	0.751007	0.964187	0.955932	13.4316	14.7761
349.	0.363824	0.00486649	1283832.	0.751748	0.96616	0.956068	13.3212	14.6517
350.	0.363161	0.00483609	1285241.	0.752486	0.968123	0.956201	13.2119	14.5286
351.	0.362502	0.00480597	1286642.	0.753222	0.970076	0.956334	13.1037	14.4068
352.	0.361848	0.00477612	1288034.	0.753954	0.97202	0.956464	12.9967	14.2863
353.	0.361197	0.00474656	1289417.	0.754684	0.973954	0.956593	12.8908	14.167
354.	0.36055	0.00471726	1290792.	0.755411	0.97588	0.956721	12.786	14.049
355.	0.359908	0.00468822	1292158.	0.756135	0.977796	0.956847	12.6822	13.9323
356.	0.359269	0.00465945	1293516.	0.756856	0.979703	0.956972	12.5796	13.8168
357.	0.358634	0.00463094	1294865.	0.757575	0.981601	0.957095	12.4779	13.7025
358.	0.358002	0.00460268	1296206.	0.758291	0.98349	0.957217	12.3774	13.5893
359.	0.357375	0.00457468	1297539.	0.759004	0.985371	0.957338	12.2778	13.4774
360.	0.356751	0.00454692	1298864.	0.759715	0.987243	0.957457	12.1793	13.3666
361.	0.356131	0.00451941	1300181.	0.760423	0.989106	0.957575	12.0817	13.2569
362.	0.355515	0.00449214	1301490.	0.761128	0.99096	0.957692	11.9851	13.1483
363.	0.354902	0.0044651	1302791.	0.761831	0.992806	0.957808	11.8895	13.0409
364.	0.354293	0.00443831	1304085.	0.762531	0.994644	0.957923	11.7949	12.9346
365.	0.353687	0.00441175	1305370.	0.763229	0.996473	0.958037	11.7012	12.8293
366.	0.353085	0.00438541	1306648.	0.763924	0.998294	0.958149	11.6084	12.7251
367.	0.352487	0.00435931	1307918.	0.764617	1.00011	0.958261	11.5166	12.6219
368.	0.351891	0.00433343	1309181.	0.765308	1.00191	0.958371	11.4257	12.5198
368.72001653185634	0.351465	0.00431493	1310085.	0.765803	1.00321	0.95845	11.3607	12.4469
369.72001653185634	0.350876	0.00428942	1311335.	0.766489	1.005	0.958559	11.2713	12.3466
370.72001653185634	0.35029	0.00426414	1312578.	0.767173	1.00678	0.958667	11.1828	12.2472
371.72001653185634	0.349708	0.00423907	1313813.	0.767854	1.00856	0.958774	11.0952	12.1488
372.72001653185634	0.349129	0.00421421	1315041.	0.768533	1.01032	0.95888	11.0083	12.0515
373.72001653185634	0.348554	0.00418955	1316262.	0.769209	1.01208	0.958985	10.9224	11.955
374.72001653185634	0.347981	0.00416511	1317475.	0.769884	1.01384	0.959089	10.8373	11.8595
375.72001653185634	0.347412	0.00414087	1318682.	0.770555	1.01558	0.959193	10.753	11.765
376.72001653185634	0.346846	0.00411683	1319881.	0.771225	1.01732	0.959295	10.6695	11.6714
377.72001653185634	0.346284	0.00409299	1321074.	0.771892	1.01905	0.959397	10.5868	11.5787
378.72001653185634	0.345725	0.00406935	1322259.	0.772557	1.02077	0.959498	10.5049	11.4869
379.72001653185634	0.345168	0.0040459	1323438.	0.773219	1.02248	0.959598	10.4238	11.396
380.72001653185634	0.344615	0.00402264	1324610.	0.77388	1.02419	0.959697	10.3434	11.306
381.72001653185634	0.344065	0.00399958	1325775.	0.774538	1.02589	0.959796	10.2638	11.2169
382.72001653185634	0.343518	0.0039767	1326934.	0.775193	1.02758	0.959894	10.185	11.1286
383.72001653185634	0.342975	0.00395401	1328086.	0.775847	1.02927	0.959991	10.1069	11.0411
384.72001653185634	0.342434	0.0039315	1329231.	0.776498	1.03095	0.960087	10.0296	10.9546
385.72001653185634	0.341896	0.00390917	1330370.	0.777147	1.03262	0.960183	9.953	10.8688
386.72001653185634	0.341361	0.00388702	1331503.	0.777794	1.03428	0.960278	9.87711	10.7839
387.72001653185634	0.34083	0.00386506	1332629.	0.778439	1.03594	0.960372	9.80194	10.6997
388.72001653185634	0.340301	0.00384326	1333748.	0.779081	1.03759	0.960465	9.72746	10.6164
389.72001653185634	0.339775	0.00382164	1334862.	0.779722	1.03923	0.960558	9.65368	10.5339
390.72001653185634	0.339252	0.0038002	1335969.	0.78036	1.04087	0.96065	9.58058	10.4521
391.72001653185634	0.338732	0.00377892	1337070.	0.780996	1.0425	0.960742	9.50817	10.3711
392.72001653185634	0.338215	0.00375781	1338165.	0.78163	1.04412	0.960833	9.43642	10.2909
393.72001653185634	0.3377	0.00373687	1339253.	0.782262	1.04574	0.960923	9.36534	10.2115
394.72001653185634	0.337189	0.00371609	1340336.	0.782892	1.04734	0.961013	9.29491	10.1327
395.72001653185634	0.33668	0.00369547	1341412.	0.783519	1.04895	0.961102	9.22513	10.0548
396.72001653185634	0.336174	0.00367502	1342483.	0.784145	1.05054	0.961191	9.15598	9.97752
397.72001653185634	0.335671	0.00365472	1343548.	0.784768	1.05213	0.961278	9.08748	9.901
398.72001653185634	0.33517	0.00363458	1344607.	0.78539	1.05372	0.961366	9.01959	9.82518
399.72001653185634	0.334672	0.0036146	1345660.	0.786009	1.05529	0.961452	8.95233	9.75007
400.72001653185634	0.334177	0.00359477	1346707.	0.786626	1.05686	0.961539	8.88567	9.67566
401.72001653185634	0.333685	0.0035751	1347748.	0.787241	1.05843	0.961624	8.81962	9.60193
402.72001653185634	0.333195	0.00355557	1348784.	0.787855	1.05998	0.961709	8.75417	9.52889
403.72001653185634	0.332708	0.0035362	1349814.	0.788466	1.06154	0.961794	8.68931	9.45651
404.72001653185634	0.332223	0.00351697	1350839.	0.789075	1.06308	0.961877	8.62504	9.3848
405.72001653185634	0.331741	0.00349789	1351858.	0.789682	1.06462	0.961961	8.56134	9.31375
406.72001653185634	0.331262	0.00347895	1352871.	0.790288	1.06615	0.962044	8.49821	9.24335
407.72001653185634	0.330785	0.00346016	1353879.	0.790891	1.06768	0.962126	8.43565	9.17359
408.72001653185634	0.330311	0.00344151	1354881.	0.791492	1.0692	0.962208	8.37364	9.10447
409.72001653185634	0.329839	0.003423	1355879.	0.792092	1.07071	0.962289	8.31219	9.03597
410.72001653185634	0.32937	0.00340463	1356870.	0.792689	1.07222	0.96237	8.25129	8.9681
411.72001653185634	0.328903	0.00338639	1357857.	0.793284	1.07372	0.96245	8.19093	8.90084
412.72001653185634	0.328438	0.0033683	1358838.	0.793878	1.07522	0.96253	8.1311	8.83419
413.72001653185634	0.327976	0.00335033	1359814.	0.79447	1.07671	0.962609	8.0718	8.76814
414.72001653185634	0.327517	0.0033325	1360785.	0.795059	1.07819	0.962688	8.01302	8.70269
415.72001653185634	0.32706	0.00331481	1361750.	0.795647	1.07967	0.962766	7.95476	8.63782
416.72001653185634	0.326605	0.00329724	1362711.	0.796233	1.08114	0.962844	7.89701	8.57353
417.72001653185634	0.326153	0.0032798	1363666.	0.796817	1.08261	0.962922	7.83977	8.50982
418.72001653185634	0.325703	0.00326249	1364616.	0.797399	1.08407	0.962999	7.78302	8.44668
419.72001653185634	0.325255	0.00324531	1365562.	0.797979	1.08552	0.963075	7.72678	8.3841
420.72001653185634	0.32481	0.00322826	1366502.	0.798558	1.08697	0.963151	7.67102	8.32207
421.72001653185634	0.324367	0.00321132	1367437.	0.799134	1.08841	0.963227	7.61575	8.2606
422.72001653185634	0.323926	0.00319452	1368368.	0.799709	1.08985	0.963302	7.56096	8.19967
423.72001653185634	0.323487	0.00317783	1369293.	0.800282	1.09128	0.963376	7.50664	8.13928
424.72001653185634	0.323051	0.00316126	1370214.	0.800853	1.09271	0.963451	7.45279	8.07943
425.72001653185634	0.322617	0.00314482	1371130.	0.801422	1.09413	0.963524	7.39941	8.0201
426.72001653185634	0.322186	0.00312849	1372041.	0.801989	1.09555	0.963598	7.34649	7.96129
427.72001653185634	0.321756	0.00311228	1372948.	0.802555	1.09696	0.963671	7.29402	7.903
428.72001653185634	0.321329	0.00309618	1373850.	0.803118	1.09836	0.963743	7.242	7.84521
429.72001653185634	0.320903	0.0030802	1374747.	0.80368	1.09976	0.963815	7.19042	7.78794
430.72001653185634	0.32048	0.00306434	1375639.	0.80424	1.10115	0.963887	7.13929	7.73116
431.72001653185634	0.320059	0.00304859	1376527.	0.804799	1.10254	0.963958	7.08859	7.67488
432.72001653185634	0.319641	0.00303294	1377411.	0.805355	1.10392	0.964029	7.03833	7.61908
433.72001653185634	0.319224	0.00301741	1378290.	0.80591	1.1053	0.9641	6.98849	7.56377
434.72001653185634	0.31881	0.00300199	1379164.	0.806463	1.10667	0.96417	6.93907	7.50894
435.72001653185634	0.318397	0.00298668	1380034.	0.807015	1.10804	0.964239	6.89007	7.45459
436.72001653185634	0.317987	0.00297148	1380899.	0.807564	1.1094	0.964309	6.84149	7.4007
437.72001653185634	0.317578	0.00295638	1381760.	0.808112	1.11076	0.964378	6.79332	7.34728
438.72001653185634	0.317172	0.00294139	1382617.	0.808658	1.11211	0.964446	6.74555	7.29431
439.72001653185634	0.316768	0.0029265	1383469.	0.809203	1.11346	0.964514	6.69818	7.2418
440.72001653185634	0.316366	0.00291172	1384318.	0.809745	1.1148	0.964582	6.65121	7.18974
441.72001653185634	0.315965	0.00289704	1385161.	0.810286	1.11613	0.964649	6.60463	7.13813
442.72001653185634	0.315567	0.00288246	1386001.	0.810826	1.11746	0.964716	6.55844	7.08695
443.72001653185634	0.315171	0.00286798	1386836.	0.811363	1.11879	0.964783	6.51264	7.03622
444.72001653185634	0.314777	0.0028536	1387667.	0.811899	1.12011	0.964849	6.46722	6.98591
445.72001653185634	0.314384	0.00283932	1388494.	0.812433	1.12142	0.964915	6.42217	6.93603
446.72001653185634	0.313994	0.00282514	1389317.	0.812966	1.12273	0.964981	6.3775	6.88657
447.72001653185634	0.313605	0.00281105	1390136.	0.813497	1.12404	0.965046	6.3332	6.83754
448.72001653185634	0.313219	0.00279706	1390950.	0.814026	1.12534	0.965111	6.28927	6.78891
449.72001653185634	0.312834	0.00278317	1391761.	0.814553	1.12664	0.965175	6.24569	6.7407
450.72001653185634	0.312451	0.00276937	1392567.	0.815079	1.12793	0.965239	6.20248	6.69289
451.72001653185634	0.31207	0.00275566	1393370.	0.815604	1.12921	0.965303	6.15962	6.64548
452.72001653185634	0.311691	0.00274205	1394168.	0.816126	1.13049	0.965367	6.11712	6.59847
453.72001653185634	0.311314	0.00272853	1394963.	0.816647	1.13177	0.96543	6.07496	6.55186
454.72001653185634	0.310939	0.0027151	1395754.	0.817167	1.13304	0.965493	6.03314	6.50563
455.72001653185634	0.310565	0.00270176	1396541.	0.817684	1.13431	0.965555	5.99167	6.45979
456.72001653185634	0.310193	0.00268851	1397324.	0.818201	1.13557	0.965617	5.95054	6.41434
457.72001653185634	0.309823	0.00267535	1398103.	0.818715	1.13683	0.965679	5.90974	6.36926
458.72001653185634	0.309455	0.00266228	1398878.	0.819228	1.13808	0.96574	5.86927	6.32455
459.72001653185634	0.309089	0.00264929	1399650.	0.81974	1.13933	0.965801	5.82913	6.28022
460.72001653185634	0.308724	0.00263639	1400417.	0.820249	1.14057	0.965862	5.78931	6.23625
461.72001653185634	0.308361	0.00262357	1401181.	0.820758	1.14181	0.965923	5.74982	6.19264
462.72001653185634	0.308	0.00261084	1401942.	0.821264	1.14305	0.965983	5.71065	6.1494
463.72001653185634	0.307641	0.0025982	1402698.	0.821769	1.14428	0.966043	5.67179	6.10651
464.72001653185634	0.307283	0.00258564	1403451.	0.822273	1.1455	0.966102	5.63324	6.06397
465.72001653185634	0.306927	0.00257316	1404201.	0.822775	1.14672	0.966161	5.595	6.02179
466.72001653185634	0.306573	0.00256076	1404947.	0.823275	1.14794	0.96622	5.55707	5.97994
467.72001653185634	0.30622	0.00254844	1405689.	0.823774	1.14915	0.966279	5.51945	5.93845
468.72001653185634	0.305869	0.00253621	1406427.	0.824271	1.15036	0.966337	5.48212	5.89729
469.72001653185634	0.30552	0.00252405	1407162.	0.824767	1.15156	0.966395	5.44509	5.85646
470.72001653185634	0.305172	0.00251197	1407894.	0.825261	1.15276	0.966453	5.40836	5.81597
471.72001653185634	0.304826	0.00249997	1408622.	0.825754	1.15395	0.96651	5.37191	5.77581
472.72001653185634	0.304482	0.00248805	1409346.	0.826245	1.15514	0.966568	5.33576	5.73597
473.72001653185634	0.304139	0.00247621	1410067.	0.826735	1.15633	0.966624	5.2999	5.69646
474.72001653185634	0.303798	0.00246444	1410785.	0.827223	1.15751	0.966681	5.26431	5.65726
475.72001653185634	0.303458	0.00245274	1411499.	0.82771	1.15868	0.966737	5.22901	5.61838
476.72001653185634	0.30312	0.00244113	1412210.	0.828195	1.15985	0.966793	5.19399	5.57982
477.72001653185634	0.302784	0.00242958	1412918.	0.828679	1.16102	0.966849	5.15924	5.54157
478.72001653185634	0.302449	0.00241811	1413622.	0.829161	1.16219	0.966904	5.12477	5.50362
479.72001653185634	0.302116	0.00240672	1414323.	0.829642	1.16335	0.966959	5.09056	5.46598
480.72001653185634	0.301784	0.00239539	1415020.	0.830122	1.1645	0.967014	5.05663	5.42864
481.72001653185634	0.301454	0.00238414	1415715.	0.830599	1.16565	0.967069	5.02295	5.3916
482.72001653185634	0.301125	0.00237296	1416406.	0.831076	1.1668	0.967123	4.98955	5.35485
483.72001653185634	0.300798	0.00236185	1417093.	0.831551	1.16794	0.967177	4.9564	5.3184
484.72001653185634	0.300473	0.00235081	1417778.	0.832024	1.16908	0.967231	4.92351	5.28224
485.72001653185634	0.300149	0.00233984	1418459.	0.832496	1.17021	0.967284	4.89088	5.24637
486.72001653185634	0.299826	0.00232894	1419137.	0.832967	1.17134	0.967338	4.8585	5.21078
487.72001653185634	0.299505	0.00231811	1419812.	0.833436	1.17247	0.967391	4.82637	5.17547
488.72001653185634	0.299185	0.00230734	1420484.	0.833904	1.17359	0.967443	4.79449	5.14044
489.72001653185634	0.298867	0.00229664	1421153.	0.83437	1.17471	0.967496	4.76286	5.10569
490.72001653185634	0.298551	0.00228601	1421819.	0.834835	1.17583	0.967548	4.73147	5.07122
491.72001653185634	0.298235	0.00227545	1422481.	0.835299	1.17694	0.9676	4.70032	5.03701
492.72001653185634	0.297922	0.00226495	1423141.	0.835761	1.17804	0.967652	4.66941	5.00308
493.72001653185634	0.297609	0.00225451	1423797.	0.836222	1.17914	0.967703	4.63874	4.96941
494.72001653185634	0.297298	0.00224414	1424451.	0.836681	1.18024	0.967754	4.6083	4.93601
495.72001653185634	0.296989	0.00223384	1425101.	0.837139	1.18134	0.967805	4.5781	4.90286
496.72001653185634	0.29668	0.0022236	1425749.	0.837596	1.18243	0.967856	4.54813	4.86998
497.72001653185634	0.296374	0.00221342	1426393.	0.838051	1.18351	0.967906	4.51839	4.83736
498.72001653185634	0.296068	0.0022033	1427035.	0.838504	1.1846	0.967956	4.48887	4.80498
499.72001653185634	0.295764	0.00219325	1427673.	0.838957	1.18568	0.968006	4.45958	4.77287
500.72001653185634	0.295462	0.00218325	1428309.	0.839408	1.18675	0.968056	4.43051	4.741
501.72001653185634	0.295161	0.00217332	1428942.	0.839858	1.18782	0.968105	4.40166	4.70937
502.72001653185634	0.294861	0.00216345	1429572.	0.840306	1.18889	0.968155	4.37303	4.678
503.72001653185634	0.294562	0.00215363	1430199.	0.840753	1.18995	0.968204	4.34462	4.64686
504.72001653185634	0.294265	0.00214388	1430823.	0.841199	1.19101	0.968252	4.31642	4.61597
505.72001653185634	0.293969	0.00213419	1431445.	0.841643	1.19207	0.968301	4.28844	4.58532
506.72001653185634	0.293674	0.00212455	1432063.	0.842086	1.19312	0.968349	4.26066	4.5549
507.72001653185634	0.293381	0.00211497	1432679.	0.842528	1.19417	0.968397	4.2331	4.52472
508.72001653185634	0.293089	0.00210545	1433292.	0.842968	1.19521	0.968445	4.20574	4.49477
509.72001653185634	0.292799	0.00209599	1433902.	0.843407	1.19626	0.968492	4.17859	4.46504
510.72001653185634	0.292509	0.00208659	1434510.	0.843845	1.19729	0.96854	4.15164	4.43555
511.72001653185634	0.292221	0.00207724	1435115.	0.844281	1.19833	0.968587	4.12489	4.40628
512.7200165318563	0.291934	0.00206794	1435717.	0.844716	1.19936	0.968634	4.09834	4.37724
513.7200165318563	0.291649	0.0020587	1436316.	0.84515	1.20038	0.968681	4.07199	4.34842
514.7200165318563	0.291365	0.00204952	1436913.	0.845582	1.20141	0.968727	4.04584	4.31982
515.7200165318563	0.291082	0.00204039	1437507.	0.846013	1.20243	0.968773	4.01988	4.29143
516.7200165318563	0.2908	0.00203132	1438099.	0.846443	1.20344	0.968819	3.99411	4.26326
517.7200165318563	0.290519	0.00202229	1438687.	0.846872	1.20446	0.968865	3.96854	4.23531
518.7200165318563	0.29024	0.00201333	1439274.	0.847299	1.20546	0.968911	3.94315	4.20757
519.7200165318563	0.289962	0.00200441	1439857.	0.847725	1.20647	0.968956	3.91796	4.18004
520.7200165318563	0.289685	0.00199555	1440438.	0.84815	1.20747	0.969001	3.89295	4.15271
521.7200165318563	0.289409	0.00198674	1441017.	0.848573	1.20847	0.969046	3.86812	4.12559
522.7200165318563	0.289135	0.00197798	1441593.	0.848996	1.20946	0.969091	3.84347	4.09868
523.7200165318563	0.288862	0.00196927	1442166.	0.849417	1.21046	0.969136	3.81901	4.07197
524.7200165318563	0.28859	0.00196061	1442737.	0.849836	1.21144	0.96918	3.79473	4.04546
525.7200165318563	0.288319	0.001952	1443305.	0.850255	1.21243	0.969224	3.77063	4.01915
526.7200165318563	0.288049	0.00194345	1443871.	0.850672	1.21341	0.969268	3.7467	3.99304
527.7200165318563	0.287781	0.00193494	1444434.	0.851088	1.21439	0.969312	3.72294	3.96712
528.7200165318563	0.287513	0.00192648	1444995.	0.851503	1.21536	0.969355	3.69937	3.9414
529.7200165318563	0.287247	0.00191807	1445554.	0.851916	1.21633	0.969399	3.67596	3.91587
530.7200165318563	0.286982	0.00190971	1446110.	0.852328	1.2173	0.969442	3.65272	3.89053
531.7200165318563	0.286718	0.0019014	1446663.	0.85274	1.21826	0.969485	3.62966	3.86538
532.7200165318563	0.286455	0.00189313	1447214.	0.853149	1.21923	0.969527	3.60676	3.84042
533.7200165318563	0.286194	0.00188491	1447763.	0.853558	1.22018	0.96957	3.58402	3.81564
534.7200165318563	0.285933	0.00187674	1448310.	0.853965	1.22114	0.969612	3.56146	3.79104
535.7200165318563	0.285674	0.00186862	1448854.	0.854372	1.22209	0.969654	3.53905	3.76663
536.7200165318563	0.285416	0.00186054	1449395.	0.854777	1.22304	0.969696	3.51681	3.7424
537.7200165318563	0.285158	0.00185251	1449935.	0.85518	1.22398	0.969738	3.49473	3.71835
538.7200165318563	0.284902	0.00184453	1450472.	0.855583	1.22492	0.96978	3.47281	3.69447
539.7200165318563	0.284647	0.00183659	1451006.	0.855984	1.22586	0.969821	3.45104	3.67078
540.7200165318563	0.284393	0.00182869	1451539.	0.856385	1.2268	0.969862	3.42943	3.64725
541.7200165318563	0.284141	0.00182084	1452069.	0.856784	1.22773	0.969903	3.40798	3.6239
542.7200165318563	0.283889	0.00181303	1452597.	0.857181	1.22866	0.969944	3.38668	3.60072
543.7200165318563	0.283638	0.00180527	1453122.	0.857578	1.22958	0.969985	3.36554	3.57771
544.7200165318563	0.283388	0.00179755	1453646.	0.857974	1.2305	0.970025	3.34454	3.55487
545.7200165318563	0.28314	0.00178987	1454167.	0.858368	1.23142	0.970066	3.3237	3.5322
546.7200165318563	0.282892	0.00178224	1454686.	0.858761	1.23234	0.970106	3.303	3.5097
547.7200165318563	0.282646	0.00177465	1455202.	0.859153	1.23325	0.970146	3.28245	3.48735
548.7200165318563	0.2824	0.0017671	1455717.	0.859544	1.23416	0.970185	3.26205	3.46517
549.7200165318563	0.282156	0.0017596	1456229.	0.859934	1.23507	0.970225	3.2418	3.44316
550.7200165318563	0.281913	0.00175214	1456739.	0.860322	1.23597	0.970264	3.22169	3.4213
551.7200165318563	0.28167	0.00174471	1457247.	0.86071	1.23687	0.970304	3.20172	3.3996
552.7200165318563	0.281429	0.00173733	1457753.	0.861096	1.23777	0.970343	3.18189	3.37806
553.7200165318563	0.281189	0.00172999	1458257.	0.861481	1.23866	0.970382	3.1622	3.35667
554.7200165318563	0.280949	0.00172269	1458758.	0.861865	1.23955	0.97042	3.14265	3.33544
555.7200165318563	0.280711	0.00171543	1459258.	0.862248	1.24044	0.970459	3.12324	3.31437
556.7200165318563	0.280474	0.00170821	1459755.	0.86263	1.24133	0.970497	3.10397	3.29344
557.7200165318563	0.280237	0.00170103	1460250.	0.863011	1.24221	0.970535	3.08483	3.27267
558.7200165318563	0.280002	0.00169389	1460743.	0.86339	1.24309	0.970573	3.06583	3.25204
559.7200165318563	0.279768	0.00168679	1461234.	0.863769	1.24397	0.970611	3.04696	3.23157
560.7200165318563	0.279534	0.00167973	1461723.	0.864146	1.24484	0.970649	3.02822	3.21124
561.7200165318563	0.279302	0.00167271	1462210.	0.864522	1.24571	0.970687	3.00962	3.19106
562.7200165318563	0.27907	0.00166572	1462695.	0.864897	1.24658	0.970724	2.99114	3.17102
563.7200165318563	0.27884	0.00165877	1463178.	0.865271	1.24744	0.970761	2.9728	3.15113
564.7200165318563	0.27861	0.00165186	1463659.	0.865644	1.2483	0.970798	2.95458	3.13137
565.7200165318563	0.278382	0.00164499	1464138.	0.866016	1.24916	0.970835	2.93649	3.11176
566.7200165318563	0.278154	0.00163815	1464615.	0.866387	1.25002	0.970872	2.91852	3.09229
567.7200165318563	0.277927	0.00163136	1465090.	0.866756	1.25087	0.970908	2.90069	3.07296
568.7200165318563	0.277701	0.00162459	1465563.	0.867125	1.25172	0.970945	2.88297	3.05377
569.7200165318563	0.277477	0.00161787	1466034.	0.867493	1.25257	0.970981	2.86538	3.03471
570.7200165318563	0.277253	0.00161118	1466503.	0.867859	1.25342	0.971017	2.84791	3.01579
571.7200165318563	0.27703	0.00160453	1466970.	0.868224	1.25426	0.971053	2.83056	2.997
572.7200165318563	0.276807	0.00159791	1467435.	0.868589	1.2551	0.971089	2.81333	2.97835
573.7200165318563	0.276586	0.00159133	1467898.	0.868952	1.25593	0.971124	2.79622	2.95982
574.7200165318563	0.276366	0.00158478	1468360.	0.869314	1.25677	0.97116	2.77923	2.94143
575.7200165318563	0.276146	0.00157827	1468819.	0.869675	1.2576	0.971195	2.76235	2.92317
576.7200165318563	0.275928	0.00157179	1469277.	0.870035	1.25842	0.97123	2.7456	2.90504
577.7200165318563	0.27571	0.00156535	1469732.	0.870394	1.25925	0.971265	2.72895	2.88703
578.7200165318563	0.275494	0.00155894	1470186.	0.870752	1.26007	0.9713	2.71243	2.86915
579.7200165318563	0.275278	0.00155257	1470638.	0.871109	1.26089	0.971335	2.69601	2.8514
580.7200165318563	0.275063	0.00154623	1471088.	0.871465	1.26171	0.97137	2.67971	2.83377
581.7200165318563	0.274849	0.00153992	1471536.	0.87182	1.26252	0.971404	2.66352	2.81627
582.7200165318563	0.274635	0.00153364	1471983.	0.872174	1.26333	0.971438	2.64744	2.79889
583.7200165318563	0.274423	0.0015274	1472428.	0.872526	1.26414	0.971472	2.63147	2.78163
584.7200165318563	0.274211	0.00152119	1472870.	0.872878	1.26495	0.971506	2.61561	2.76449
585.7200165318563	0.274001	0.00151502	1473311.	0.873229	1.26575	0.97154	2.59986	2.74747
586.7200165318563	0.273791	0.00150887	1473751.	0.873579	1.26655	0.971574	2.58421	2.73057
587.7200165318563	0.273582	0.00150276	1474188.	0.873927	1.26735	0.971607	2.56867	2.71378
588.7200165318563	0.273374	0.00149668	1474624.	0.874275	1.26815	0.971641	2.55324	2.69712
589.7200165318563	0.273166	0.00149064	1475058.	0.874622	1.26894	0.971674	2.53791	2.68057
590.7200165318563	0.27296	0.00148462	1475490.	0.874968	1.26973	0.971707	2.52269	2.66413
591.7200165318563	0.272754	0.00147864	1475920.	0.875312	1.27052	0.97174	2.50757	2.64781
592.7200165318563	0.272549	0.00147268	1476349.	0.875656	1.2713	0.971773	2.49255	2.6316
593.7200165318563	0.272345	0.00146676	1476776.	0.875999	1.27209	0.971806	2.47763	2.61551
594.7200165318563	0.272142	0.00146087	1477201.	0.87634	1.27287	0.971839	2.46281	2.59952
595.7200165318563	0.27194	0.001455	1477625.	0.876681	1.27364	0.971871	2.4481	2.58365
596.7200165318563	0.271738	0.00144917	1478047.	0.877021	1.27442	0.971903	2.43348	2.56788
597.7200165318563	0.271537	0.00144337	1478467.	0.87736	1.27519	0.971935	2.41896	2.55223
598.7200165318563	0.271337	0.0014376	1478885.	0.877697	1.27596	0.971968	2.40454	2.53668
599.7200165318563	0.271138	0.00143186	1479302.	0.878034	1.27673	0.971999	2.39022	2.52124
600.7200165318563	0.270939	0.00142614	1479717.	0.87837	1.27749	0.972031	2.37599	2.5059
601.7200165318563	0.270742	0.00142046	1480131.	0.878705	1.27825	0.972063	2.36185	2.49067
602.7200165318563	0.270545	0.0014148	1480543.	0.879039	1.27901	0.972094	2.34782	2.47555
603.7200165318563	0.270349	0.00140918	1480953.	0.879372	1.27977	0.972126	2.33387	2.46052
604.7200165318563	0.270154	0.00140358	1481361.	0.879704	1.28053	0.972157	2.32002	2.44561
605.7200165318563	0.269959	0.00139801	1481768.	0.880035	1.28128	0.972188	2.30626	2.43079
606.7200165318563	0.269765	0.00139247	1482174.	0.880365	1.28203	0.972219	2.2926	2.41607
607.7200165318563	0.269572	0.00138696	1482577.	0.880694	1.28278	0.97225	2.27902	2.40146
608.7200165318563	0.26938	0.00138148	1482980.	0.881022	1.28352	0.972281	2.26554	2.38694
609.7200165318563	0.269188	0.00137602	1483380.	0.881349	1.28426	0.972311	2.25214	2.37252
610.7200165318563	0.268998	0.00137059	1483779.	0.881675	1.285	0.972342	2.23883	2.3582
611.7200165318563	0.268808	0.00136519	1484176.	0.882001	1.28574	0.972372	2.22562	2.34398
612.7200165318563	0.268618	0.00135981	1484572.	0.882325	1.28648	0.972403	2.21248	2.32986
613.7200165318563	0.26843	0.00135447	1484966.	0.882649	1.28721	0.972433	2.19944	2.31583
614.7200165318563	0.268242	0.00134915	1485359.	0.882971	1.28794	0.972463	2.18648	2.30189
615.7200165318563	0.268055	0.00134385	1485750.	0.883293	1.28867	0.972493	2.17361	2.28805
616.7200165318563	0.267869	0.00133858	1486140.	0.883613	1.2894	0.972522	2.16083	2.27431
617.7200165318563	0.267683	0.00133334	1486528.	0.883933	1.29012	0.972552	2.14812	2.26065
618.7200165318563	0.267498	0.00132813	1486915.	0.884252	1.29084	0.972582	2.1355	2.24709
619.7200165318563	0.267314	0.00132294	1487300.	0.88457	1.29156	0.972611	2.12297	2.23362
620.7200165318563	0.267131	0.00131778	1487683.	0.884887	1.29228	0.97264	2.11052	2.22024
621.7200165318563	0.266948	0.00131264	1488066.	0.885203	1.29299	0.972669	2.09814	2.20695
622.7200165318563	0.266766	0.00130752	1488446.	0.885518	1.2937	0.972698	2.08585	2.19375
623.7200165318563	0.266584	0.00130244	1488825.	0.885833	1.29441	0.972727	2.07364	2.18064
624.7200165318563	0.266404	0.00129738	1489203.	0.886146	1.29512	0.972756	2.06151	2.16761
625.7200165318563	0.266224	0.00129234	1489579.	0.886459	1.29583	0.972785	2.04946	2.15468
626.7200165318563	0.266045	0.00128733	1489954.	0.88677	1.29653	0.972813	2.03749	2.14183
627.7200165318563	0.265866	0.00128234	1490327.	0.887081	1.29723	0.972842	2.0256	2.12906
628.7200165318563	0.265688	0.00127738	1490699.	0.887391	1.29793	0.97287	2.01378	2.11638
629.7200165318563	0.265511	0.00127244	1491069.	0.8877	1.29862	0.972899	2.00204	2.10379
630.7200165318563	0.265334	0.00126752	1491438.	0.888008	1.29932	0.972927	1.99038	2.09128
631.7200165318563	0.265159	0.00126263	1491806.	0.888315	1.30001	0.972955	1.9788	2.07885
632.7200165318563	0.264983	0.00125777	1492172.	0.888621	1.3007	0.972983	1.96728	2.0665
633.7200165318563	0.264809	0.00125292	1492536.	0.888927	1.30139	0.97301	1.95585	2.05424
634.7200165318563	0.264635	0.00124811	1492900.	0.889231	1.30207	0.973038	1.94449	2.04206
635.7200165318563	0.264462	0.00124331	1493262.	0.889535	1.30275	0.973066	1.9332	2.02996
636.7200165318563	0.26429	0.00123854	1493622.	0.889838	1.30343	0.973093	1.92198	2.01794
637.7200165318563	0.264118	0.00123379	1493981.	0.89014	1.30411	0.97312	1.91084	2.006
638.7200165318563	0.263946	0.00122906	1494339.	0.890441	1.30479	0.973148	1.89977	1.99414
639.7200165318563	0.263776	0.00122436	1494695.	0.890741	1.30546	0.973175	1.88877	1.98235
640.7200165318563	0.263606	0.00121968	1495050.	0.89104	1.30614	0.973202	1.87784	1.97065
641.7200165318563	0.263437	0.00121502	1495404.	0.891339	1.30681	0.973229	1.86698	1.95902
642.7200165318563	0.263268	0.00121038	1495756.	0.891636	1.30747	0.973256	1.85619	1.94747
643.7200165318563	0.2631	0.00120577	1496107.	0.891933	1.30814	0.973282	1.84548	1.93599
644.7200165318563	0.262933	0.00120118	1496457.	0.892229	1.3088	0.973309	1.83483	1.92459
645.7200165318563	0.262766	0.00119661	1496805.	0.892524	1.30946	0.973335	1.82424	1.91327
646.7200165318563	0.2626	0.00119206	1497152.	0.892819	1.31012	0.973362	1.81373	1.90202
647.7200165318563	0.262435	0.00118754	1497498.	0.893112	1.31078	0.973388	1.80328	1.89084
648.7200165318563	0.26227	0.00118303	1497842.	0.893405	1.31144	0.973414	1.7929	1.87973
649.7200165318563	0.262106	0.00117855	1498185.	0.893696	1.31209	0.97344	1.78259	1.8687
650.7200165318563	0.261942	0.00117409	1498527.	0.893987	1.31274	0.973466	1.77234	1.85774
651.7200165318563	0.261779	0.00116965	1498867.	0.894278	1.31339	0.973492	1.76216	1.84686
652.7200165318563	0.261617	0.00116523	1499207.	0.894567	1.31404	0.973518	1.75205	1.83604
653.7200165318563	0.261455	0.00116083	1499544.	0.894855	1.31468	0.973544	1.74199	1.82529
654.7200165318563	0.261294	0.00115646	1499881.	0.895143	1.31532	0.973569	1.73201	1.81462
655.7200165318563	0.261133	0.0011521	1500216.	0.89543	1.31596	0.973595	1.72208	1.80401
656.7200165318563	0.260973	0.00114777	1500550.	0.895716	1.3166	0.97362	1.71222	1.79347
657.7200165318563	0.260814	0.00114345	1500883.	0.896001	1.31724	0.973646	1.70242	1.783
658.7200165318563	0.260655	0.00113916	1501215.	0.896285	1.31787	0.973671	1.69268	1.7726
659.7200165318563	0.260497	0.00113488	1501545.	0.896569	1.31851	0.973696	1.68301	1.76227
660.7200165318563	0.26034	0.00113063	1501874.	0.896852	1.31914	0.973721	1.6734	1.752
661.7200165318563	0.260183	0.00112639	1502202.	0.897134	1.31977	0.973746	1.66384	1.7418
662.7200165318563	0.260026	0.00112218	1502529.	0.897415	1.32039	0.97377	1.65435	1.73167
663.7200165318563	0.25987	0.00111798	1502854.	0.897695	1.32102	0.973795	1.64492	1.7216
664.7200165318563	0.259715	0.00111381	1503178.	0.897975	1.32164	0.97382	1.63555	1.7116
665.7200165318563	0.25956	0.00110965	1503501.	0.898254	1.32226	0.973844	1.62623	1.70166
666.7200165318563	0.259406	0.00110551	1503823.	0.898532	1.32288	0.973869	1.61698	1.69178
667.7200165318563	0.259253	0.0011014	1504144.	0.898809	1.3235	0.973893	1.60778	1.68197
668.7200165318563	0.2591	0.0010973	1504463.	0.899085	1.32411	0.973917	1.59864	1.67222
669.7200165318563	0.258947	0.00109322	1504781.	0.899361	1.32473	0.973941	1.58956	1.66254
670.7200165318563	0.258796	0.00108916	1505098.	0.899636	1.32534	0.973966	1.58053	1.65291
671.7200165318563	0.258644	0.00108512	1505414.	0.89991	1.32595	0.97399	1.57157	1.64335
672.7200165318563	0.258494	0.0010811	1505729.	0.900183	1.32655	0.974013	1.56266	1.63385
673.7200165318563	0.258344	0.00107709	1506042.	0.900456	1.32716	0.974037	1.5538	1.62441
674.7200165318563	0.258194	0.00107311	1506355.	0.900728	1.32776	0.974061	1.545	1.61503
675.7200165318563	0.258045	0.00106914	1506666.	0.900999	1.32836	0.974084	1.53625	1.60571
676.7200165318563	0.257896	0.00106519	1506976.	0.901269	1.32896	0.974108	1.52756	1.59645
677.7200165318563	0.257748	0.00106126	1507285.	0.901538	1.32956	0.974131	1.51893	1.58725
678.7200165318563	0.257601	0.00105734	1507592.	0.901807	1.33016	0.974155	1.51034	1.57811
679.7200165318563	0.257454	0.00105345	1507899.	0.902075	1.33075	0.974178	1.50181	1.56903
680.7200165318563	0.257308	0.00104957	1508204.	0.902342	1.33134	0.974201	1.49334	1.56
681.7200165318563	0.257162	0.00104571	1508509.	0.902609	1.33194	0.974224	1.48492	1.55103
682.7200165318563	0.257017	0.00104187	1508812.	0.902875	1.33252	0.974247	1.47654	1.54212
683.7200165318563	0.256872	0.00103805	1509114.	0.903139	1.33311	0.97427	1.46823	1.53327
684.7200165318563	0.256728	0.00103424	1509415.	0.903404	1.3337	0.974293	1.45996	1.52447
685.7200165318563	0.256584	0.00103045	1509715.	0.903667	1.33428	0.974316	1.45174	1.51573
686.7200165318563	0.256441	0.00102668	1510014.	0.90393	1.33486	0.974338	1.44358	1.50704
687.7200165318563	0.256298	0.00102292	1510312.	0.904192	1.33544	0.974361	1.43546	1.49841
688.7200165318563	0.256156	0.00101919	1510608.	0.904453	1.33602	0.974383	1.4274	1.48983
689.7200165318563	0.256015	0.00101546	1510904.	0.904714	1.33659	0.974406	1.41938	1.4813
690.7200165318563	0.255873	0.00101176	1511198.	0.904973	1.33717	0.974428	1.41142	1.47284
691.7200165318563	0.255733	0.00100807	1511492.	0.905232	1.33774	0.97445	1.4035	1.46442
692.7200165318563	0.255593	0.0010044	1511784.	0.905491	1.33831	0.974472	1.39564	1.45606
693.7200165318563	0.255453	0.00100075	1512075.	0.905748	1.33888	0.974494	1.38782	1.44775
694.7200165318563	0.255314	0.000997108	1512365.	0.906005	1.33945	0.974516	1.38005	1.43949
695.7200165318563	0.255176	0.000993486	1512655.	0.906261	1.34001	0.974538	1.37233	1.43128
696.7200165318563	0.255038	0.00098988	1512943.	0.906517	1.34058	0.97456	1.36465	1.42313
697.7200165318563	0.2549	0.000986291	1513230.	0.906771	1.34114	0.974582	1.35702	1.41502
698.7200165318563	0.254763	0.000982717	1513516.	0.907025	1.3417	0.974603	1.34944	1.40697
699.7200165318563	0.254626	0.00097916	1513801.	0.907279	1.34226	0.974625	1.34191	1.39897
700.7200165318563	0.25449	0.000975618	1514085.	0.907531	1.34281	0.974646	1.33442	1.39102
701.7200165318563	0.254355	0.000972093	1514368.	0.907783	1.34337	0.974668	1.32698	1.38311
702.7200165318563	0.25422	0.000968583	1514649.	0.908034	1.34392	0.974689	1.31958	1.37526
703.7200165318563	0.254085	0.000965088	1514930.	0.908284	1.34447	0.97471	1.31223	1.36746
704.7200165318563	0.253951	0.000961609	1515210.	0.908534	1.34502	0.974732	1.30492	1.3597
705.7200165318563	0.253817	0.000958146	1515489.	0.908783	1.34557	0.974753	1.29766	1.352
706.7200165318563	0.253684	0.000954698	1515767.	0.909032	1.34612	0.974774	1.29044	1.34434
707.3843202852768	0.253596	0.000952415	1515951.	0.909196	1.34648	0.974787	1.28567	1.33928
708.3843202852768	0.253463	0.000948992	1516227.	0.909443	1.34702	0.974808	1.27852	1.3317
709.3843202852768	0.253331	0.000945585	1516502.	0.90969	1.34756	0.974829	1.27142	1.32416
710.3843202852768	0.2532	0.000942192	1516777.	0.909936	1.3481	0.97485	1.26436	1.31668
711.3843202852768	0.253069	0.000938814	1517050.	0.910181	1.34864	0.974871	1.25735	1.30924
712.3843202852768	0.252938	0.000935452	1517322.	0.910425	1.34918	0.974891	1.25038	1.30185
713.3843202852768	0.252808	0.000932103	1517593.	0.910669	1.34972	0.974912	1.24345	1.2945
714.3843202852768	0.252679	0.00092877	1517864.	0.910912	1.35025	0.974932	1.23656	1.2872
715.3843202852768	0.25255	0.000925451	1518133.	0.911154	1.35078	0.974952	1.22971	1.27994
716.3843202852768	0.252421	0.000922147	1518401.	0.911396	1.35131	0.974973	1.2229	1.27273
717.3843202852768	0.252293	0.000918857	1518669.	0.911637	1.35184	0.974993	1.21614	1.26557
718.3843202852768	0.252165	0.000915582	1518935.	0.911877	1.35237	0.975013	1.20942	1.25844
719.3843202852768	0.252038	0.000912321	1519201.	0.912117	1.35289	0.975033	1.20274	1.25136
720.3843202852768	0.251911	0.000909074	1519465.	0.912356	1.35342	0.975053	1.19609	1.24433
721.3843202852768	0.251784	0.000905841	1519729.	0.912594	1.35394	0.975073	1.18949	1.23734
722.3843202852768	0.251659	0.000902623	1519992.	0.912832	1.35446	0.975093	1.18293	1.23039
723.3843202852768	0.251533	0.000899418	1520253.	0.913069	1.35498	0.975113	1.17641	1.22348
724.3843202852768	0.251408	0.000896227	1520514.	0.913305	1.3555	0.975132	1.16992	1.21662
725.3843202852768	0.251283	0.00089305	1520774.	0.913541	1.35601	0.975152	1.16348	1.2098
726.3843202852768	0.251159	0.000889887	1521033.	0.913776	1.35653	0.975171	1.15707	1.20302
727.3843202852768	0.251035	0.000886737	1521291.	0.91401	1.35704	0.975191	1.1507	1.19628
728.3843202852768	0.250912	0.000883601	1521548.	0.914244	1.35755	0.97521	1.14438	1.18959
729.3843202852768	0.250789	0.000880479	1521805.	0.914477	1.35806	0.97523	1.13808	1.18293
730.3843202852768	0.250667	0.00087737	1522060.	0.914709	1.35857	0.975249	1.13183	1.17632
731.3843202852768	0.250545	0.000874274	1522314.	0.914941	1.35908	0.975268	1.12561	1.16974
732.3843202852768	0.250423	0.000871192	1522568.	0.915172	1.35958	0.975287	1.11944	1.16321
733.3843202852768	0.250302	0.000868123	1522821.	0.915402	1.36008	0.975306	1.11329	1.15672
734.3843202852768	0.250181	0.000865067	1523072.	0.915632	1.36059	0.975325	1.10719	1.15026
735.3843202852768	0.250061	0.000862024	1523323.	0.915861	1.36109	0.975344	1.10112	1.14385
736.3843202852768	0.249941	0.000858995	1523573.	0.91609	1.36159	0.975363	1.09509	1.13747
737.3843202852768	0.249821	0.000855978	1523822.	0.916317	1.36208	0.975382	1.08909	1.13114
738.3843202852768	0.249702	0.000852974	1524071.	0.916545	1.36258	0.975401	1.08313	1.12484